   1    2.535000     .017395 1200.000000    1.000000     .000000    1.000000    1.000000    1.000000
   2    2.535000     .397460 1200.000000    1.000000     .000000    1.000000    1.000000    1.000000
   3    2.535000    -.878557 3600.000000    5.000000     .000000    1.000000    1.000000    1.000000
   4    2.535000     .316147 1200.000000    1.000000     .000000    1.000000    1.000000    1.000000
   5    2.535000    -.020777 1200.000000    1.000000     .000000    1.000000    1.000000    1.000000
   6    2.535000     .004128 1200.000000    1.000000     .000000    1.000000    1.000000    1.000000
   7    2.535000     .017209 1200.000000    1.000000     .000000    1.000000    1.000000    1.000000
   8    2.535000     .397986 1200.000000    1.000000     .000000    1.000000    1.000000    1.000000
   9    2.535000    -.880003 3600.000000    5.000000     .000000    1.000000    1.000000    1.000000
  10    2.535000     .316193 1200.000000    1.000000     .000000    1.000000    1.000000    1.000000
  11    2.535000    -.013814 1200.000000    1.000000     .000000    1.000000    1.000000    1.000000
  12    2.535000    -.006485 1200.000000    1.000000     .000000    1.000000    1.000000    1.000000
  19    2.535000     .373997 1200.000000    1.000000     .000000    1.000000    1.000000    1.000000
  20    2.535000    1.224780 1200.000000    1.000000     .000000    1.000000    1.000000    1.000000
  35    2.535000     .357691 1200.000000    1.000000     .000000    1.000000    1.000000    1.000000
  36    2.535000    1.207864 1200.000000    1.000000     .000000    1.000000    1.000000    1.000000
  43    2.535000    -.236301 1200.000000    1.000000     .000000    1.000000    1.000000    1.000000
  44    2.535000     .213999 1200.000000    1.000000     .000000    1.000000    1.000000    1.000000
  45    2.535000    -.003351 1200.000000    1.000000     .000000    1.000000    1.000000    1.000000
  46    2.535000    -.124259 1200.000000    1.000000     .000000    1.000000    1.000000    1.000000
  49    2.535000    -.005723 1200.000000    1.000000     .000000    1.000000    1.000000    1.000000