 TIME 1 2 3 4 5 6 7 8 9 10 11 12
    0.000000 2026.053591 4088.887378 1667.879489 2102.483406 1822.648355 1820.467773 1510.669568 1318.691868  378.433624 -490.801143 -612.683982  237.013870
    1.000000 2023.223639 4089.999977 1641.368064 2103.375940 1742.089659 1759.151105 1581.753172 1394.274788  384.575889 -354.833667 -532.918148  247.510937
    2.000000 2051.607677 4090.000204 1677.336333 2100.999465 1786.359754 1800.926322 1533.769029 1354.282121  460.740579 -380.815718 -537.957795  262.682712
    3.000000 2026.643462 4090.000000 1692.525880 2102.477249 1744.103041 1824.121393 1513.652793 1395.272651  433.389459 -305.147075 -489.820382  291.286324
    4.000000 2032.461262 4090.000000 1686.691599 2101.899506 1776.370949 1791.072175 1547.851154 1364.114908  425.861536 -367.170607 -542.262583  283.767571
    5.000000 2035.041514 4090.000000 1690.735705 2101.674332 1794.574543 1824.924070 1511.027011 1349.194096  432.032210 -358.829253 -528.154514  301.593726
    6.000000 2022.225800 4090.047334 1757.032300 2096.590771 1852.075597 1816.464285 1538.051209 1279.828885  214.155885 -606.267092 -644.145074  -70.911752
    7.000000 2010.455259 4090.023270 1783.558260 2097.701202 1865.173252 1886.055530 1461.228182 1268.211439  265.444227 -555.921499 -566.695909   -9.844311
    8.000000 2010.455259 4090.023270 1783.558260 2097.701202 1865.173252 1886.055530 1461.228182 1268.211439  265.444227 -555.921499 -566.695909   -9.844311
    9.000000 2010.455259 4090.023270 1783.558260 2097.701202 1865.173252 1886.055530 1461.228182 1268.211439  265.444227 -555.921499 -566.695909   -9.844311
