 time            1
   0.00000000E+00  0.00000000E+00 
   0.99999998E-02 -0.97599890E-12 
   0.20000000E-01 -0.21271296E-11 
   0.29999999E-01 -0.25878104E-11 
   0.39999999E-01 -0.24042476E-11 
   0.49999997E-01 -0.19737725E-11 
   0.59999995E-01 -0.16233019E-11 
   0.69999993E-01 -0.14465477E-11 
   0.79999991E-01 -0.13767980E-11 
   0.89999989E-01 -0.13203195E-11 
   0.99999987E-01 -0.12316870E-11 
   0.10999998E+00 -0.11157052E-11 
   0.11999998E+00 -0.99602455E-12 
   0.12999998E+00 -0.88932350E-12 
   0.13999999E+00 -0.79856114E-12 
   0.14999999E+00 -0.71899328E-12 
   0.16000000E+00 -0.64593789E-12 
   0.17000000E+00 -0.57824806E-12 
   0.18000001E+00 -0.51753204E-12 
   0.19000001E+00 -0.46586086E-12 
   0.20000002E+00 -0.42418060E-12 
   0.21000002E+00 -0.39202547E-12 
   0.22000003E+00 -0.36802909E-12 
   0.23000003E+00 -0.35054932E-12 
   0.24000004E+00 -0.33805085E-12 
   0.25000003E+00 -0.32923355E-12 
   0.26000002E+00 -0.32303462E-12 
   0.27000001E+00 -0.31860552E-12 
   0.28000000E+00 -0.31529076E-12 
   0.28999999E+00 -0.31259630E-12 
   0.29999998E+00 -0.31013896E-12 
   0.30999997E+00 -0.30758791E-12 
   0.31999996E+00 -0.30461798E-12 
   0.32999995E+00 -0.30089036E-12 
   0.33999994E+00 -0.29606211E-12 
   0.34999993E+00 -0.28981532E-12 
   0.35999992E+00 -0.28189191E-12 
   0.36999992E+00 -0.27212230E-12 
   0.37999991E+00 -0.26044081E-12 
   0.38999990E+00 -0.24688612E-12 
   0.39999989E+00 -0.23158867E-12 
   0.40999988E+00 -0.21474939E-12 
   0.41999987E+00 -0.19661426E-12 
   0.42999986E+00 -0.17744978E-12 
   0.43999985E+00 -0.15752227E-12 
   0.44999984E+00 -0.13708307E-12 
   0.45999983E+00 -0.11636006E-12 
   0.46999982E+00 -0.95554552E-13 
   0.47999981E+00 -0.74841981E-13 
   0.48999980E+00 -0.54374752E-13 
   0.49999979E+00 -0.34285525E-13 
   0.50999981E+00 -0.14690094E-13 
   0.51999980E+00  0.43108581E-14 
   0.52999979E+00  0.22630952E-13 
   0.53999978E+00  0.40198056E-13 
   0.54999977E+00  0.56954482E-13 
   0.55999976E+00  0.72856990E-13 
   0.56999975E+00  0.87876334E-13 
   0.57999974E+00  0.10199622E-12 
   0.58999974E+00  0.11521167E-12 
   0.59999973E+00  0.12752699E-12 
   0.60999972E+00  0.13895364E-12 
   0.61999971E+00  0.14950811E-12 
   0.62999970E+00  0.15920999E-12 
   0.63999969E+00  0.16808065E-12 
   0.64999968E+00  0.17614201E-12 
   0.65999967E+00  0.18341592E-12 
   0.66999966E+00  0.18992387E-12 
   0.67999965E+00  0.19568678E-12 
   0.68999964E+00  0.20072511E-12 
   0.69999963E+00  0.20505895E-12 
   0.70999962E+00  0.20870812E-12 
   0.71999961E+00  0.21169234E-12 
   0.72999960E+00  0.21403132E-12 
   0.73999959E+00  0.21574477E-12 
   0.74999958E+00  0.21685254E-12 
   0.75999957E+00  0.21737463E-12 
   0.76999956E+00  0.21733129E-12 
   0.77999955E+00  0.21674302E-12 
   0.78999954E+00  0.21563070E-12 
   0.79999954E+00  0.21401561E-12 
   0.80999953E+00  0.21191950E-12 
   0.81999952E+00  0.20936459E-12 
   0.82999951E+00  0.20637356E-12 
   0.83999950E+00  0.20296956E-12 
   0.84999949E+00  0.19917608E-12 
   0.85999948E+00  0.19501689E-12 
   0.86999947E+00  0.19051598E-12 
   0.87999946E+00  0.18569740E-12 
   0.88999945E+00  0.18058517E-12 
   0.89999944E+00  0.17520324E-12 
   0.90999943E+00  0.16957532E-12 
   0.91999942E+00  0.16372491E-12 
   0.92999941E+00  0.15767521E-12 
   0.93999940E+00  0.15144914E-12 
   0.94999939E+00  0.14506927E-12 
   0.95999938E+00  0.13855787E-12 
   0.96999937E+00  0.13193687E-12 
   0.97999936E+00  0.12522794E-12 
   0.98999935E+00  0.11845238E-12 
   0.99999934E+00  0.11163124E-12 
   0.10099994E+01  0.10478525E-12 
   0.10199994E+01  0.97934769E-13 
   0.10299994E+01  0.91099837E-13 
   0.10399994E+01  0.84300066E-13 
   0.10499994E+01  0.77554628E-13 
   0.10599993E+01  0.70882156E-13 
   0.10699993E+01  0.64300724E-13 
   0.10799993E+01  0.57827719E-13 
   0.10899993E+01  0.51479786E-13 
   0.10999993E+01  0.45272739E-13 
   0.11099993E+01  0.39221491E-13 
   0.11199993E+01  0.33339955E-13 
   0.11299993E+01  0.27640997E-13 
   0.11399993E+01  0.22136357E-13 
   0.11499993E+01  0.16836606E-13 
   0.11599993E+01  0.11751107E-13 
   0.11699992E+01  0.68879906E-14 
   0.11799992E+01  0.22541351E-14 
   0.11899992E+01 -0.21448265E-14 
   0.11999992E+01 -0.63044988E-14 
   0.12099992E+01 -0.10221698E-13 
   0.12199992E+01 -0.13894420E-13 
   0.12299992E+01 -0.17321797E-13 
   0.12399992E+01 -0.20504038E-13 
   0.12499992E+01 -0.23442384E-13 
   0.12599992E+01 -0.26139032E-13 
   0.12699991E+01 -0.28597069E-13 
   0.12799991E+01 -0.30820398E-13 
   0.12899991E+01 -0.32813674E-13 
   0.12999991E+01 -0.34582214E-13 
   0.13099991E+01 -0.36131925E-13 
   0.13199991E+01 -0.37469248E-13 
   0.13299991E+01 -0.38601053E-13 
   0.13399991E+01 -0.39534612E-13 
   0.13499991E+01 -0.40277497E-13 
   0.13599991E+01 -0.40837542E-13 
   0.13699991E+01 -0.41222783E-13 
   0.13799990E+01 -0.41441402E-13 
   0.13899990E+01 -0.41501684E-13 
   0.13999990E+01 -0.41411990E-13 
   0.14099990E+01 -0.41180695E-13 
   0.14199990E+01 -0.40816183E-13 
   0.14299990E+01 -0.40326805E-13 
   0.14399990E+01 -0.39720865E-13 
   0.14499990E+01 -0.39006596E-13 
   0.14599990E+01 -0.38192146E-13 
   0.14699990E+01 -0.37285560E-13 
   0.14799989E+01 -0.36294776E-13 
   0.14899989E+01 -0.35227606E-13 
   0.14999989E+01 -0.34091731E-13 
   0.15099989E+01 -0.32894687E-13 
   0.15199989E+01 -0.31643802E-13 
   0.15299989E+01 -0.30346158E-13 
   0.15399989E+01 -0.29008683E-13 
   0.15499989E+01 -0.27638192E-13 
   0.15599989E+01 -0.26241355E-13 
   0.15699989E+01 -0.24824650E-13 
   0.15799989E+01 -0.23394310E-13 
   0.15899988E+01 -0.21956363E-13 
   0.15999988E+01 -0.20516698E-13 
   0.16099988E+01 -0.19081072E-13 
   0.16199988E+01 -0.17655038E-13 
   0.16299988E+01 -0.16243864E-13 
   0.16399988E+01 -0.14852467E-13 
   0.16499988E+01 -0.13485374E-13 
   0.16599988E+01 -0.12146738E-13 
   0.16699988E+01 -0.10840347E-13 
   0.16799988E+01 -0.95696630E-14 
   0.16899987E+01 -0.83378298E-14 
   0.16999987E+01 -0.71476714E-14 
   0.17099987E+01 -0.60016778E-14 
   0.17199987E+01 -0.49019842E-14 
   0.17299987E+01 -0.38503602E-14 
   0.17399987E+01 -0.28482137E-14 
   0.17499987E+01 -0.18966169E-14 
   0.17599987E+01 -0.99634421E-15 
   0.17699987E+01 -0.14792279E-15 
   0.17799987E+01  0.64831960E-15 
   0.17899987E+01  0.13922164E-14 
   0.17999986E+01  0.20837381E-14 
   0.18099986E+01  0.27229850E-14 
   0.18199986E+01  0.33101918E-14 
   0.18299986E+01  0.38457418E-14 
   0.18399986E+01  0.43301807E-14 
   0.18499986E+01  0.47642274E-14 
   0.18599986E+01  0.51487800E-14 
   0.18699986E+01  0.54849093E-14 
   0.18799986E+01  0.57738496E-14 
   0.18899986E+01  0.60169807E-14 
   0.18999985E+01  0.62158094E-14 
   0.19099985E+01  0.63719493E-14 
   0.19199985E+01  0.64871035E-14 
   0.19299985E+01  0.65630480E-14 
   0.19399985E+01  0.66016177E-14 
   0.19499985E+01  0.66046954E-14 
   0.19599985E+01  0.65741992E-14 
   0.19699985E+01  0.65120748E-14 
   0.19799985E+01  0.64202836E-14 
   0.19899985E+01  0.63007935E-14 
   0.19999985E+01  0.61555710E-14 
   0.20099986E+01  0.59865709E-14 
   0.20199986E+01  0.57957302E-14 
   0.20299985E+01  0.55849604E-14 
   0.20399985E+01  0.53561438E-14 
   0.20499985E+01  0.51111264E-14 
   0.20599985E+01  0.48517175E-14 
   0.20699985E+01  0.45796835E-14 
   0.20799985E+01  0.42967478E-14 
   0.20899985E+01  0.40045867E-14 
   0.20999985E+01  0.37048268E-14 
   0.21099985E+01  0.33990426E-14 
   0.21199985E+01  0.30887537E-14 
   0.21299984E+01  0.27754220E-14 
   0.21399984E+01  0.24604486E-14 
   0.21499984E+01  0.21451715E-14 
   0.21599984E+01  0.18308632E-14 
   0.21699984E+01  0.15187287E-14 
   0.21799984E+01  0.12099033E-14 
   0.21899984E+01  0.90545186E-15 
   0.21999984E+01  0.60636759E-15 
   0.22099984E+01  0.31357136E-15 
   0.22199984E+01  0.27911830E-16 
   0.22299984E+01 -0.24983454E-15 
   0.22399983E+01 -0.51896279E-15 
   0.22499983E+01 -0.77883838E-15 
   0.22599983E+01 -0.10288958E-14 
   0.22699983E+01 -0.12686370E-14 
   0.22799983E+01 -0.14976303E-14 
   0.22899983E+01 -0.17155079E-14 
   0.22999983E+01 -0.19219652E-14 
   0.23099983E+01 -0.21167582E-14 
   0.23199983E+01 -0.22997010E-14 
   0.23299983E+01 -0.24706638E-14 
   0.23399982E+01 -0.26295689E-14 
   0.23499982E+01 -0.27763885E-14 
   0.23599982E+01 -0.29111419E-14 
   0.23699982E+01 -0.30338929E-14 
   0.23799982E+01 -0.31447464E-14 
   0.23899982E+01 -0.32438476E-14 
   0.23999982E+01 -0.33313778E-14 
   0.24099982E+01 -0.34075534E-14 
   0.24199982E+01 -0.34726218E-14 
   0.24299982E+01 -0.35268603E-14 
   0.24399981E+01 -0.35705725E-14 
   0.24499981E+01 -0.36040867E-14 
   0.24599981E+01 -0.36277549E-14 
   0.24699981E+01 -0.36419478E-14 
   0.24799981E+01 -0.36470566E-14 
   0.24899981E+01 -0.36434881E-14 
   0.24999981E+01 -0.36316639E-14 
   0.25099981E+01 -0.36120187E-14 
   0.25199981E+01 -0.35849962E-14 
   0.25299981E+01 -0.35510497E-14 
   0.25399981E+01 -0.35106365E-14 
   0.25499980E+01 -0.34642195E-14 
   0.25599980E+01 -0.34122621E-14 
   0.25699980E+01 -0.33552286E-14 
   0.25799980E+01 -0.32935811E-14 
   0.25899980E+01 -0.32277791E-14 
   0.25999980E+01 -0.31582763E-14 
   0.26099980E+01 -0.30855206E-14 
   0.26199980E+01 -0.30099511E-14 
   0.26299980E+01 -0.29319980E-14 
   0.26399980E+01 -0.28520798E-14 
   0.26499979E+01 -0.27706028E-14 
   0.26599979E+01 -0.26879602E-14 
   0.26699979E+01 -0.26045293E-14 
   0.26799979E+01 -0.25206729E-14 
   0.26899979E+01 -0.24367361E-14 
   0.26999979E+01 -0.23530480E-14 
   0.27099979E+01 -0.22699191E-14 
   0.27199979E+01 -0.21876422E-14 
   0.27299979E+01 -0.21064909E-14 
   0.27399979E+01 -0.20267209E-14 
   0.27499979E+01 -0.19485686E-14 
   0.27599978E+01 -0.18722509E-14 
   0.27699978E+01 -0.17979666E-14 
   0.27799978E+01 -0.17258949E-14 
   0.27899978E+01 -0.16561965E-14 
   0.27999978E+01 -0.15890136E-14 
   0.28099978E+01 -0.15244702E-14 
   0.28199978E+01 -0.14626723E-14 
   0.28299978E+01 -0.14037084E-14 
   0.28399978E+01 -0.13476503E-14 
   0.28499978E+01 -0.12945524E-14 
   0.28599977E+01 -0.12444463E-14 
   0.28699977E+01 -0.11973245E-14 
   0.28799977E+01 -0.11531415E-14 
   0.28899977E+01 -0.11118361E-14 
   0.28999977E+01 -0.10733569E-14 
   0.29099977E+01 -0.10376742E-14 
   0.29199977E+01 -0.10047742E-14 
   0.29299977E+01 -0.97463867E-15 
   0.29399977E+01 -0.94722509E-15 
   0.29499977E+01 -0.92245361E-15 
   0.29599977E+01 -0.90020375E-15 
   0.29699976E+01 -0.88032314E-15 
   0.29799976E+01 -0.86264117E-15 
   0.29899976E+01 -0.84698625E-15 
   0.29999976E+01 -0.83320048E-15 
   0.30099976E+01 -0.82115096E-15 
   0.30199976E+01 -0.81073499E-15 
   0.30299976E+01 -0.80188048E-15 
   0.30399976E+01 -0.79454194E-15 
   0.30499976E+01 -0.78869466E-15 
   0.30599976E+01 -0.78432736E-15 
   0.30699975E+01 -0.78143591E-15 
   0.30799975E+01 -0.78001766E-15 
   0.30899975E+01 -0.78006668E-15 
   0.30999975E+01 -0.78156990E-15 
   0.31099975E+01 -0.78450418E-15 
   0.31199975E+01 -0.78883321E-15 
   0.31299975E+01 -0.79450584E-15 
   0.31399975E+01 -0.80145426E-15 
   0.31499975E+01 -0.80959372E-15 
   0.31599975E+01 -0.81882315E-15 
   0.31699975E+01 -0.82902704E-15 
   0.31799974E+01 -0.84007812E-15 
   0.31899974E+01 -0.85184166E-15 
   0.31999974E+01 -0.86417959E-15 
   0.32099974E+01 -0.87695523E-15 
   0.32199974E+01 -0.89003766E-15 
   0.32299974E+01 -0.90330526E-15 
   0.32399974E+01 -0.91664942E-15 
   0.32499974E+01 -0.92997558E-15 
   0.32599974E+01 -0.94320507E-15 
   0.32699974E+01 -0.95627479E-15 
   0.32799973E+01 -0.96913666E-15 
   0.32899973E+01 -0.98175608E-15 
   0.32999973E+01 -0.99411069E-15 
   0.33099973E+01 -0.10061878E-14 
   0.33199973E+01 -0.10179822E-14 
   0.33299973E+01 -0.10294946E-14 
   0.33399973E+01 -0.10407296E-14 
   0.33499973E+01 -0.10516933E-14 
   0.33599973E+01 -0.10623928E-14 
   0.33699973E+01 -0.10728342E-14 
   0.33799973E+01 -0.10830225E-14 
   0.33899972E+01 -0.10929604E-14 
   0.33999972E+01 -0.11026483E-14 
   0.34099972E+01 -0.11120846E-14 
   0.34199972E+01 -0.11212651E-14 
   0.34299972E+01 -0.11301838E-14 
   0.34399972E+01 -0.11388336E-14 
   0.34499972E+01 -0.11472061E-14 
   0.34599972E+01 -0.11552927E-14 
   0.34699972E+01 -0.11630850E-14 
   0.34799972E+01 -0.11705749E-14 
   0.34899971E+01 -0.11777555E-14 
   0.34999971E+01 -0.11846208E-14 
   0.35099971E+01 -0.11911666E-14 
   0.35199971E+01 -0.11973895E-14 
   0.35299971E+01 -0.12032880E-14 
   0.35399971E+01 -0.12088613E-14 
   0.35499971E+01 -0.12141098E-14 
   0.35599971E+01 -0.12190345E-14 
   0.35699971E+01 -0.12236362E-14 
   0.35799971E+01 -0.12279160E-14 
   0.35899971E+01 -0.12318743E-14 
   0.35999970E+01 -0.12355105E-14 
   0.36099970E+01 -0.12388228E-14 
   0.36199970E+01 -0.12418079E-14 
   0.36299970E+01 -0.12444606E-14 
   0.36399970E+01 -0.12467804E-14 
   0.36499970E+01 -0.12488427E-14 
   0.36599970E+01 -0.12509021E-14 
   0.36699970E+01 -0.12533687E-14 
   0.36799970E+01 -0.12566740E-14 
   0.36899970E+01 -0.12611227E-14 
   0.36999969E+01 -0.12668135E-14 
   0.37099969E+01 -0.12736474E-14 
   0.37199969E+01 -0.12814007E-14 
   0.37299969E+01 -0.12898134E-14 
   0.37399969E+01 -0.12986588E-14 
   0.37499969E+01 -0.13077720E-14 
   0.37599969E+01 -0.13170403E-14 
   0.37699969E+01 -0.13263679E-14 
   0.37799969E+01 -0.13356343E-14 
   0.37899969E+01 -0.13446618E-14 
   0.37999969E+01 -0.13532052E-14 
   0.38099968E+01 -0.13609643E-14 
   0.38199968E+01 -0.13676142E-14 
   0.38299968E+01 -0.13728450E-14 
   0.38399968E+01 -0.13763979E-14 
   0.38499968E+01 -0.13780917E-14 
   0.38599968E+01 -0.13778321E-14 
   0.38699968E+01 -0.13756085E-14 
   0.38799968E+01 -0.13714785E-14 
   0.38899968E+01 -0.13655473E-14 
   0.38999968E+01 -0.13579481E-14 
   0.39099967E+01 -0.13488245E-14 
   0.39199967E+01 -0.13383210E-14 
   0.39299967E+01 -0.13265774E-14 
   0.39399967E+01 -0.13137281E-14 
   0.39499967E+01 -0.12999033E-14 
   0.39599967E+01 -0.12852306E-14 
   0.39699967E+01 -0.12698349E-14 
   0.39799967E+01 -0.12538376E-14 
   0.39899967E+01 -0.12373535E-14 
   0.39999967E+01 -0.12204871E-14 
   0.40099969E+01 -0.12033299E-14 
   0.40199971E+01 -0.11859569E-14 
   0.40299973E+01 -0.11684253E-14 
   0.40399976E+01 -0.11507754E-14 
   0.40499978E+01 -0.11330311E-14 
   0.40599980E+01 -0.11152035E-14 
   0.40699983E+01 -0.10972931E-14 
   0.40799985E+01 -0.10792931E-14 
   0.40899987E+01 -0.10611931E-14 
   0.40999990E+01 -0.10429800E-14 
   0.41099992E+01 -0.10246416E-14 
   0.41199994E+01 -0.10061667E-14 
   0.41299996E+01 -0.98754650E-15 
   0.41399999E+01 -0.96877551E-15 
   0.41500001E+01 -0.94985121E-15 
   0.41600003E+01 -0.93077518E-15 
   0.41700006E+01 -0.91155293E-15 
   0.41800008E+01 -0.89219367E-15 
   0.41900010E+01 -0.87271080E-15 
   0.42000012E+01 -0.85312116E-15 
   0.42100015E+01 -0.83344490E-15 
   0.42200017E+01 -0.81370490E-15 
   0.42300019E+01 -0.79392599E-15 
   0.42400022E+01 -0.77413422E-15 
   0.42500024E+01 -0.75435595E-15 
   0.42600026E+01 -0.73461717E-15 
   0.42700028E+01 -0.71494276E-15 
   0.42800031E+01 -0.69535587E-15 
   0.42900033E+01 -0.67587761E-15 
   0.43000035E+01 -0.65652671E-15 
   0.43100038E+01 -0.63731966E-15 
   0.43200040E+01 -0.61827058E-15 
   0.43300042E+01 -0.59939185E-15 
   0.43400044E+01 -0.58069424E-15 
   0.43500047E+01 -0.56218747E-15 
   0.43600049E+01 -0.54388086E-15 
   0.43700051E+01 -0.52578384E-15 
   0.43800054E+01 -0.50790652E-15 
   0.43900056E+01 -0.49026023E-15 
   0.44000058E+01 -0.47285800E-15 
   0.44100060E+01 -0.45571474E-15 
   0.44200063E+01 -0.43884772E-15 
   0.44300065E+01 -0.42227652E-15 
   0.44400067E+01 -0.40602318E-15 
   0.44500070E+01 -0.39011190E-15 
   0.44600072E+01 -0.37456887E-15 
   0.44700074E+01 -0.35942202E-15 
   0.44800076E+01 -0.34470048E-15 
   0.44900079E+01 -0.33043412E-15 
   0.45000081E+01 -0.31665310E-15 
   0.45100083E+01 -0.30338722E-15 
   0.45200086E+01 -0.29066544E-15 
   0.45300088E+01 -0.27851542E-15 
   0.45400090E+01 -0.26696295E-15 
   0.45500093E+01 -0.25603159E-15 
   0.45600095E+01 -0.24574236E-15 
   0.45700097E+01 -0.23611343E-15 
   0.45800099E+01 -0.22715989E-15 
   0.45900102E+01 -0.21889371E-15 
   0.46000104E+01 -0.21132364E-15 
   0.46100106E+01 -0.20445524E-15 
   0.46200109E+01 -0.19829096E-15 
   0.46300111E+01 -0.19283027E-15 
   0.46400113E+01 -0.18806978E-15 
   0.46500115E+01 -0.18400353E-15 
   0.46600118E+01 -0.18062309E-15 
   0.46700120E+01 -0.17791785E-15 
   0.46800122E+01 -0.17587522E-15 
   0.46900125E+01 -0.17448083E-15 
   0.47000127E+01 -0.17371881E-15 
   0.47100129E+01 -0.17357190E-15 
   0.47200131E+01 -0.17402169E-15 
   0.47300134E+01 -0.17504877E-15 
   0.47400136E+01 -0.17663287E-15 
   0.47500138E+01 -0.17875303E-15 
   0.47600141E+01 -0.18138767E-15 
   0.47700143E+01 -0.18451479E-15 
   0.47800145E+01 -0.18811195E-15 
   0.47900147E+01 -0.19215652E-15 
   0.48000150E+01 -0.19662564E-15 
   0.48100152E+01 -0.20149642E-15 
   0.48200154E+01 -0.20674596E-15 
   0.48300157E+01 -0.21235152E-15 
   0.48400159E+01 -0.21829053E-15 
   0.48500161E+01 -0.22454078E-15 
   0.48600163E+01 -0.23108046E-15 
   0.48700166E+01 -0.23788822E-15 
   0.48800168E+01 -0.24494340E-15 
   0.48900170E+01 -0.25222598E-15 
   0.49000173E+01 -0.25971669E-15 
   0.49100175E+01 -0.26739909E-15 
   0.49200177E+01 -0.27530720E-15 
   0.49300179E+01 -0.28362226E-15 
   0.49400182E+01 -0.29264792E-15 
   0.49500184E+01 -0.30269437E-15 
   0.49600186E+01 -0.31397621E-15 
   0.49700189E+01 -0.32658009E-15 
   0.49800191E+01 -0.34049814E-15 
   0.49900193E+01 -0.35568774E-15 
   0.50000196E+01 -0.37211968E-15 
   0.50100198E+01 -0.38979736E-15 
   0.50200200E+01 -0.40875084E-15 
   0.50300202E+01 -0.42901642E-15 
   0.50400205E+01 -0.45061274E-15 
   0.50500207E+01 -0.47351895E-15 
   0.50600209E+01 -0.49765875E-15 
   0.50700212E+01 -0.52289271E-15 
   0.50800214E+01 -0.54902150E-15 
   0.50900216E+01 -0.57579987E-15 
   0.51000218E+01 -0.60295887E-15 
   0.51100221E+01 -0.63023238E-15 
   0.51200223E+01 -0.65738121E-15 
   0.51300225E+01 -0.68421024E-15 
   0.51400228E+01 -0.71057663E-15 
   0.51500230E+01 -0.73638816E-15 
   0.51600232E+01 -0.76159596E-15 
   0.51700234E+01 -0.78618300E-15 
   0.51800237E+01 -0.81015334E-15 
   0.51900239E+01 -0.83352378E-15 
   0.52000241E+01 -0.85631865E-15 
   0.52100244E+01 -0.87856830E-15 
   0.52200246E+01 -0.90030920E-15 
   0.52300248E+01 -0.92158561E-15 
   0.52400250E+01 -0.94245036E-15 
   0.52500253E+01 -0.96296455E-15 
   0.52600255E+01 -0.98319646E-15 
   0.52700257E+01 -0.10032182E-14 
   0.52800260E+01 -0.10231029E-14 
   0.52900262E+01 -0.10429204E-14 
   0.53000264E+01 -0.10627342E-14 
   0.53100266E+01 -0.10825985E-14 
   0.53200269E+01 -0.11025567E-14 
   0.53300271E+01 -0.11226402E-14 
   0.53400273E+01 -0.11428679E-14 
   0.53500276E+01 -0.11632462E-14 
   0.53600278E+01 -0.11837702E-14 
   0.53700280E+01 -0.12044234E-14 
   0.53800282E+01 -0.12251788E-14 
   0.53900285E+01 -0.12459998E-14 
   0.54000287E+01 -0.12668406E-14 
   0.54100289E+01 -0.12876476E-14 
   0.54200292E+01 -0.13083608E-14 
   0.54300294E+01 -0.13289141E-14 
   0.54400296E+01 -0.13492380E-14 
   0.54500299E+01 -0.13692605E-14 
   0.54600301E+01 -0.13889084E-14 
   0.54700303E+01 -0.14081088E-14 
   0.54800305E+01 -0.14267903E-14 
   0.54900308E+01 -0.14448834E-14 
   0.55000310E+01 -0.14623219E-14 
   0.55100312E+01 -0.14790423E-14 
   0.55200315E+01 -0.14949845E-14 
   0.55300317E+01 -0.15100912E-14 
   0.55400319E+01 -0.15243085E-14 
   0.55500321E+01 -0.15375848E-14 
   0.55600324E+01 -0.15498712E-14 
   0.55700326E+01 -0.15611208E-14 
   0.55800328E+01 -0.15712888E-14 
   0.55900331E+01 -0.15803328E-14 
   0.56000333E+01 -0.15882122E-14 
   0.56100335E+01 -0.15948891E-14 
   0.56200337E+01 -0.16003284E-14 
   0.56300340E+01 -0.16044975E-14 
   0.56400342E+01 -0.16073677E-14 
   0.56500344E+01 -0.16089141E-14 
   0.56600347E+01 -0.16091156E-14 
   0.56700349E+01 -0.16079560E-14 
   0.56800351E+01 -0.16054238E-14 
   0.56900353E+01 -0.16015122E-14 
   0.57000356E+01 -0.15962197E-14 
   0.57100358E+01 -0.15895499E-14 
   0.57200360E+01 -0.15815107E-14 
   0.57300363E+01 -0.15721152E-14 
   0.57400365E+01 -0.15613805E-14 
   0.57500367E+01 -0.15493277E-14 
   0.57600369E+01 -0.15359810E-14 
   0.57700372E+01 -0.15213674E-14 
   0.57800374E+01 -0.15055165E-14 
   0.57900376E+01 -0.14884592E-14 
   0.58000379E+01 -0.14702285E-14 
   0.58100381E+01 -0.14508580E-14 
   0.58200383E+01 -0.14303818E-14 
   0.58300385E+01 -0.14088345E-14 
   0.58400388E+01 -0.13862507E-14 
   0.58500390E+01 -0.13626640E-14 
   0.58600392E+01 -0.13381075E-14 
   0.58700395E+01 -0.13126134E-14 
   0.58800397E+01 -0.12862129E-14 
   0.58900399E+01 -0.12589364E-14 
   0.59000401E+01 -0.12308135E-14 
   0.59100404E+01 -0.12018733E-14 
   0.59200406E+01 -0.11721440E-14 
   0.59300408E+01 -0.11416536E-14 
   0.59400411E+01 -0.11104296E-14 
   0.59500413E+01 -0.10784995E-14 
   0.59600415E+01 -0.10458906E-14 
   0.59700418E+01 -0.10126303E-14 
   0.59800420E+01 -0.97874678E-15 
   0.59900422E+01 -0.94426809E-15 
   0.60000424E+01 -0.90922359E-15 
   0.60100427E+01 -0.87364270E-15 
   0.60200429E+01 -0.83755608E-15 
   0.60300431E+01 -0.80099485E-15 
   0.60400434E+01 -0.76399095E-15 
   0.60500436E+01 -0.72657713E-15 
   0.60600438E+01 -0.68878686E-15 
   0.60700440E+01 -0.65065445E-15 
   0.60800443E+01 -0.61221514E-15 
   0.60900445E+01 -0.57350499E-15 
   0.61000447E+01 -0.53456106E-15 
   0.61100450E+01 -0.49542152E-15 
   0.61200452E+01 -0.45612539E-15 
   0.61300454E+01 -0.41671266E-15 
   0.61400456E+01 -0.37722435E-15 
   0.61500459E+01 -0.33770230E-15 
   0.61600461E+01 -0.29818921E-15 
   0.61700463E+01 -0.25872852E-15 
   0.61800466E+01 -0.21936439E-15 
   0.61900468E+01 -0.18014155E-15 
   0.62000470E+01 -0.14110527E-15 
   0.62100472E+01 -0.10230122E-15 
   0.62200475E+01 -0.63775420E-16 
   0.62300477E+01 -0.25574064E-16 
   0.62400479E+01  0.12256578E-16 
   0.62500482E+01  0.49670283E-16 
   0.62600484E+01  0.86621043E-16 
   0.62700486E+01  0.12306319E-15 
   0.62800488E+01  0.15895156E-15 
   0.62900491E+01  0.19424158E-15 
   0.63000493E+01  0.22888956E-15 
   0.63100495E+01  0.26285261E-15 
   0.63200498E+01  0.29608905E-15 
   0.63300500E+01  0.32855823E-15 
   0.63400502E+01  0.36022096E-15 
   0.63500504E+01  0.39103938E-15 
   0.63600507E+01  0.42097720E-15 
   0.63700509E+01  0.44999975E-15 
   0.63800511E+01  0.47807402E-15 
   0.63900514E+01  0.50516886E-15 
   0.64000516E+01  0.53125494E-15 
   0.64100518E+01  0.55630472E-15 
   0.64200521E+01  0.58029264E-15 
   0.64300523E+01  0.60319514E-15 
   0.64400525E+01  0.62499062E-15 
   0.64500527E+01  0.64565949E-15 
   0.64600530E+01  0.66518408E-15 
   0.64700532E+01  0.68354887E-15 
   0.64800534E+01  0.70074014E-15 
   0.64900537E+01  0.71674636E-15 
   0.65000539E+01  0.73155779E-15 
   0.65100541E+01  0.74516686E-15 
   0.65200543E+01  0.75756763E-15 
   0.65300546E+01  0.76875630E-15 
   0.65400548E+01  0.77873080E-15 
   0.65500550E+01  0.78749093E-15 
   0.65600553E+01  0.79503825E-15 
   0.65700555E+01  0.80137607E-15 
   0.65800557E+01  0.80649935E-15 
   0.65900559E+01  0.81029072E-15 
   0.66000562E+01  0.81239401E-15 
   0.66100564E+01  0.81227760E-15 
   0.66200566E+01  0.80941653E-15 
   0.66300569E+01  0.80345363E-15 
   0.66400571E+01  0.79426359E-15 
   0.66500573E+01  0.78192375E-15 
   0.66600575E+01  0.76663835E-15 
   0.66700578E+01  0.74866452E-15 
   0.66800580E+01  0.72826548E-15 
   0.66900582E+01  0.70569814E-15 
   0.67000585E+01  0.68122789E-15 
   0.67100587E+01  0.65515817E-15 
   0.67200589E+01  0.62786105E-15 
   0.67300591E+01  0.59979472E-15 
   0.67400594E+01  0.57149901E-15 
   0.67500596E+01  0.54356518E-15 
   0.67600598E+01  0.51658671E-15 
   0.67700601E+01  0.49110070E-15 
   0.67800603E+01  0.46753402E-15 
   0.67900605E+01  0.44616608E-15 
   0.68000607E+01  0.42711340E-15 
   0.68100610E+01  0.41033741E-15 
   0.68200612E+01  0.39567061E-15 
   0.68300614E+01  0.38285336E-15 
   0.68400617E+01  0.37157318E-15 
   0.68500619E+01  0.36150027E-15 
   0.68600621E+01  0.35231473E-15 
   0.68700624E+01  0.34372412E-15 
   0.68800626E+01  0.33547227E-15 
   0.68900628E+01  0.32734139E-15 
   0.69000630E+01  0.31915018E-15 
   0.69100633E+01  0.31074997E-15 
   0.69200635E+01  0.30202095E-15 
   0.69300637E+01  0.29286889E-15 
   0.69400640E+01  0.28322249E-15 
   0.69500642E+01  0.27303128E-15 
   0.69600644E+01  0.26226334E-15 
   0.69700646E+01  0.25090289E-15 
   0.69800649E+01  0.23894712E-15 
   0.69900651E+01  0.22640312E-15 
   0.70000653E+01  0.21328442E-15 
   0.70100656E+01  0.19960812E-15 
   0.70200658E+01  0.18539254E-15 
   0.70300660E+01  0.17065567E-15 
   0.70400662E+01  0.15541461E-15 
   0.70500665E+01  0.13968553E-15 
   0.70600667E+01  0.12348430E-15 
   0.70700669E+01  0.10682741E-15 
   0.70800672E+01  0.89732751E-16 
   0.70900674E+01  0.72220398E-16 
   0.71000676E+01  0.54313013E-16 
   0.71100678E+01  0.36035968E-16 
   0.71200681E+01  0.17417181E-16 
   0.71300683E+01 -0.15132348E-17 
   0.71400685E+01 -0.20723422E-16 
   0.71500688E+01 -0.40180202E-16 
   0.71600690E+01 -0.59849422E-16 
   0.71700692E+01 -0.79696132E-16 
   0.71800694E+01 -0.99684601E-16 
   0.71900697E+01 -0.11977821E-15 
   0.72000699E+01 -0.13993919E-15 
   0.72100701E+01 -0.16012819E-15 
   0.72200704E+01 -0.18030405E-15 
   0.72300706E+01 -0.20042327E-15 
   0.72400708E+01 -0.22043977E-15 
   0.72500710E+01 -0.24030460E-15 
   0.72600713E+01 -0.25996566E-15 
   0.72700715E+01 -0.27936782E-15 
   0.72800717E+01 -0.29845269E-15 
   0.72900720E+01 -0.31715886E-15 
   0.73000722E+01 -0.33542206E-15 
   0.73100724E+01 -0.35317534E-15 
   0.73200727E+01 -0.37034951E-15 
   0.73300729E+01 -0.38687346E-15 
   0.73400731E+01 -0.40267465E-15 
   0.73500733E+01 -0.41767952E-15 
   0.73600736E+01 -0.43181411E-15 
   0.73700738E+01 -0.44500459E-15 
   0.73800740E+01 -0.45717777E-15 
   0.73900743E+01 -0.46826184E-15 
   0.74000745E+01 -0.47818668E-15 
   0.74100747E+01 -0.48688486E-15 
   0.74200749E+01 -0.49429185E-15 
   0.74300752E+01 -0.50034676E-15 
   0.74400754E+01 -0.50499294E-15 
   0.74500756E+01 -0.50817821E-15 
   0.74600759E+01 -0.50985576E-15 
   0.74700761E+01 -0.50998409E-15 
   0.74800763E+01 -0.50852782E-15 
   0.74900765E+01 -0.50545717E-15 
   0.75000768E+01 -0.50073496E-15 
   0.75100770E+01 -0.49428089E-15 
   0.75200772E+01 -0.48596615E-15 
   0.75300775E+01 -0.47565347E-15 
   0.75400777E+01 -0.46325185E-15 
   0.75500779E+01 -0.44874805E-15 
   0.75600781E+01 -0.43220235E-15 
   0.75700784E+01 -0.41371461E-15 
   0.75800786E+01 -0.39338293E-15 
   0.75900788E+01 -0.37127164E-15 
   0.76000791E+01 -0.34739878E-15 
   0.76100793E+01 -0.32174316E-15 
   0.76200795E+01 -0.29426491E-15 
   0.76300797E+01 -0.26493192E-15 
   0.76400800E+01 -0.23374414E-15 
   0.76500802E+01 -0.20075018E-15 
   0.76600804E+01 -0.16605421E-15 
   0.76700807E+01 -0.12981291E-15 
   0.76800809E+01 -0.92225801E-16 
   0.76900811E+01 -0.53521865E-16 
   0.77000813E+01 -0.13946149E-16 
   0.77100816E+01  0.26251695E-16 
   0.77200818E+01  0.66826022E-16 
   0.77300820E+01  0.10754110E-15 
   0.77400823E+01  0.14817472E-15 
   0.77500825E+01  0.18852116E-15 
   0.77600827E+01  0.22839664E-15 
   0.77700830E+01  0.26764775E-15 
   0.77800832E+01  0.30615842E-15 
   0.77900834E+01  0.34385035E-15 
   0.78000836E+01  0.38067503E-15 
   0.78100839E+01  0.41660061E-15 
   0.78200841E+01  0.45159916E-15 
   0.78300843E+01  0.48563983E-15 
   0.78400846E+01  0.51868915E-15 
   0.78500848E+01  0.55071568E-15 
   0.78600850E+01  0.58169569E-15 
   0.78700852E+01  0.61161507E-15 
   0.78800855E+01  0.64046649E-15 
   0.78900857E+01  0.66824277E-15 
   0.79000859E+01  0.69492981E-15 
   0.79100862E+01  0.72050115E-15 
   0.79200864E+01  0.74491725E-15 
   0.79300866E+01  0.76812823E-15 
   0.79400868E+01  0.79007956E-15 
   0.79500871E+01  0.81071731E-15 
   0.79600873E+01  0.82999186E-15 
   0.79700875E+01  0.84785843E-15 
   0.79800878E+01  0.86427526E-15 
   0.79900880E+01  0.87920040E-15 
   0.80000877E+01  0.89258934E-15 
   0.80100880E+01  0.90439444E-15 
   0.80200882E+01  0.91456752E-15 
   0.80300884E+01  0.92306390E-15 
   0.80400887E+01  0.92984821E-15 
   0.80500889E+01  0.93489949E-15 
   0.80600891E+01  0.93821361E-15 
   0.80700893E+01  0.93980434E-15 
   0.80800896E+01  0.93970100E-15 
   0.80900898E+01  0.93794415E-15 
   0.81000900E+01  0.93458047E-15 
   0.81100903E+01  0.92965858E-15 
   0.81200905E+01  0.92322504E-15 
   0.81300907E+01  0.91532276E-15 
   0.81400909E+01  0.90599046E-15 
   0.81500912E+01  0.89526406E-15 
   0.81600914E+01  0.88317833E-15 
   0.81700916E+01  0.86976848E-15 
   0.81800919E+01  0.85507208E-15 
   0.81900921E+01  0.83913013E-15 
   0.82000923E+01  0.82198756E-15 
   0.82100925E+01  0.80369366E-15 
   0.82200928E+01  0.78430195E-15 
   0.82300930E+01  0.76387019E-15 
   0.82400932E+01  0.74246043E-15 
   0.82500935E+01  0.72013878E-15 
   0.82600937E+01  0.69697598E-15 
   0.82700939E+01  0.67304687E-15 
   0.82800941E+01  0.64843061E-15 
   0.82900944E+01  0.62321047E-15 
   0.83000946E+01  0.59747322E-15 
   0.83100948E+01  0.57130874E-15 
   0.83200951E+01  0.54480942E-15 
   0.83300953E+01  0.51806912E-15 
   0.83400955E+01  0.49118276E-15 
   0.83500957E+01  0.46424515E-15 
   0.83600960E+01  0.43735056E-15 
   0.83700962E+01  0.41059157E-15 
   0.83800964E+01  0.38405863E-15 
   0.83900967E+01  0.35783913E-15 
   0.84000969E+01  0.33201682E-15 
   0.84100971E+01  0.30667130E-15 
   0.84200974E+01  0.28187734E-15 
   0.84300976E+01  0.25770467E-15 
   0.84400978E+01  0.23421761E-15 
   0.84500980E+01  0.21147482E-15 
   0.84600983E+01  0.18952939E-15 
   0.84700985E+01  0.16842872E-15 
   0.84800987E+01  0.14821466E-15 
   0.84900990E+01  0.12892370E-15 
   0.85000992E+01  0.11058714E-15 
   0.85100994E+01  0.93231342E-16 
   0.85200996E+01  0.76877935E-16 
   0.85300999E+01  0.61544124E-16 
   0.85401001E+01  0.47242849E-16 
   0.85501003E+01  0.33983071E-16 
   0.85601006E+01  0.21769935E-16 
   0.85701008E+01  0.10604962E-16 
   0.85801010E+01  0.48621108E-18 
   0.85901012E+01 -0.85915768E-17 
   0.86001015E+01 -0.16636847E-16 
   0.86101017E+01 -0.23661114E-16 
   0.86201019E+01 -0.29678837E-16 
   0.86301022E+01 -0.34707304E-16 
   0.86401024E+01 -0.38766514E-16 
   0.86501026E+01 -0.41879036E-16 
   0.86601028E+01 -0.44069870E-16 
   0.86701031E+01 -0.45366291E-16 
   0.86801033E+01 -0.45797672E-16 
   0.86901035E+01 -0.45395301E-16 
   0.87001038E+01 -0.44192190E-16 
   0.87101040E+01 -0.42222839E-16 
   0.87201042E+01 -0.39523011E-16 
   0.87301044E+01 -0.36129558E-16 
   0.87401047E+01 -0.32080331E-16 
   0.87501049E+01 -0.27414102E-16 
   0.87601051E+01 -0.22170381E-16 
   0.87701054E+01 -0.16389062E-16 
   0.87801056E+01 -0.10109919E-16 
   0.87901058E+01 -0.33721292E-17 
   0.88001060E+01  0.37860470E-17 
   0.88101063E+01  0.11327330E-16 
   0.88201065E+01  0.19215278E-16 
   0.88301067E+01  0.27414039E-16 
   0.88401070E+01  0.35888141E-16 
   0.88501072E+01  0.44602403E-16 
   0.88601074E+01  0.53521984E-16 
   0.88701077E+01  0.62612530E-16 
   0.88801079E+01  0.71840312E-16 
   0.88901081E+01  0.81172339E-16 
   0.89001083E+01  0.90576323E-16 
   0.89101086E+01  0.10002067E-15 
   0.89201088E+01  0.10947435E-15 
   0.89301090E+01  0.11890688E-15 
   0.89401093E+01  0.12828838E-15 
   0.89501095E+01  0.13758968E-15 
   0.89601097E+01  0.14678243E-15 
   0.89701099E+01  0.15583940E-15 
   0.89801102E+01  0.16473445E-15 
   0.89901104E+01  0.17344262E-15 
   0.90001106E+01  0.18191866E-15 
   0.90101109E+01  0.18992428E-15 
   0.90201111E+01  0.19684354E-15 
   0.90301113E+01  0.20177975E-15 
   0.90401115E+01  0.20384985E-15 
   0.90501118E+01  0.20246618E-15 
   0.90601120E+01  0.19745935E-15 
   0.90701122E+01  0.18901984E-15 
   0.90801125E+01  0.17752885E-15 
   0.90901127E+01  0.16337693E-15 
   0.91001129E+01  0.14684294E-15 
   0.91101131E+01  0.12806306E-15 
   0.91201134E+01  0.10707935E-15 
   0.91301136E+01  0.83934315E-16 
   0.91401138E+01  0.58770680E-16 
   0.91501141E+01  0.31902335E-16 
   0.91601143E+01  0.38365369E-17 
   0.91701145E+01 -0.24755267E-16 
   0.91801147E+01 -0.53105819E-16 
   0.91901150E+01 -0.80438729E-16 
   0.92001152E+01 -0.10605118E-15 
   0.92101154E+01 -0.12937546E-15 
   0.92201157E+01 -0.15001054E-15 
   0.92301159E+01 -0.16772412E-15 
   0.92401161E+01 -0.18243190E-15 
   0.92501163E+01 -0.19416486E-15 
   0.92601166E+01 -0.20303401E-15 
   0.92701168E+01 -0.20920090E-15 
   0.92801170E+01 -0.21285690E-15 
   0.92901173E+01 -0.21421191E-15 
   0.93001175E+01 -0.21348980E-15 
   0.93101177E+01 -0.21092732E-15 
   0.93201180E+01 -0.20677301E-15 
   0.93301182E+01 -0.20128373E-15 
   0.93401184E+01 -0.19471832E-15 
   0.93501186E+01 -0.18732832E-15 
   0.93601189E+01 -0.17934771E-15 
   0.93701191E+01 -0.17098277E-15 
   0.93801193E+01 -0.16240400E-15 
   0.93901196E+01 -0.15374099E-15 
   0.94001198E+01 -0.14508065E-15 
   0.94101200E+01 -0.13646861E-15 
   0.94201202E+01 -0.12791311E-15 
   0.94301205E+01 -0.11939050E-15 
   0.94401207E+01 -0.11085169E-15 
   0.94501209E+01 -0.10222842E-15 
   0.94601212E+01 -0.93439295E-16 
   0.94701214E+01 -0.84395087E-16 
   0.94801216E+01 -0.75003325E-16 
   0.94901218E+01 -0.65172217E-16 
   0.95001221E+01 -0.54814080E-16 
   0.95101223E+01 -0.43848265E-16 
   0.95201225E+01 -0.32203693E-16 
   0.95301228E+01 -0.19820938E-16 
   0.95401230E+01 -0.66538053E-17 
   0.95501232E+01  0.73296565E-17 
   0.95601234E+01  0.22146806E-16 
   0.95701237E+01  0.37800705E-16 
   0.95801239E+01  0.54281058E-16 
   0.95901241E+01  0.71565655E-16 
   0.96001244E+01  0.89622293E-16 
   0.96101246E+01  0.10841083E-15 
   0.96201248E+01  0.12788544E-15 
   0.96301250E+01  0.14799671E-15 
   0.96401253E+01  0.16869348E-15 
   0.96501255E+01  0.18992451E-15 
   0.96601257E+01  0.21163952E-15 
   0.96701260E+01  0.23379004E-15 
   0.96801262E+01  0.25632961E-15 
   0.96901264E+01  0.27921388E-15 
   0.97001266E+01  0.30239989E-15 
   0.97101269E+01  0.32584563E-15 
   0.97201271E+01  0.34950898E-15 
   0.97301273E+01  0.37334669E-15 
   0.97401276E+01  0.39731340E-15 
   0.97501278E+01  0.42136046E-15 
   0.97601280E+01  0.44543515E-15 
   0.97701283E+01  0.46947987E-15 
   0.97801285E+01  0.49343163E-15 
   0.97901287E+01  0.51722182E-15 
   0.98001289E+01  0.54077601E-15 
   0.98101292E+01  0.56401462E-15 
   0.98201294E+01  0.58685296E-15 
   0.98301296E+01  0.60920240E-15 
   0.98401299E+01  0.63097099E-15 
   0.98501301E+01  0.65206486E-15 
   0.98601303E+01  0.67238926E-15 
   0.98701305E+01  0.69184984E-15 
   0.98801308E+01  0.71035375E-15 
   0.98901310E+01  0.72781115E-15 
   0.99001312E+01  0.74413607E-15 
   0.99101315E+01  0.75924513E-15 
   0.99201317E+01  0.77299607E-15 
   0.99301319E+01  0.78502961E-15 
   0.99401321E+01  0.79476424E-15 
   0.99501324E+01  0.80157433E-15 
   0.99601326E+01  0.80498634E-15 
   0.99701328E+01  0.80476992E-15 
   0.99801331E+01  0.80090454E-15 
   0.99901333E+01  0.79347564E-15 
   0.10000134E+02  0.78257014E-15 
