 time            1           2
   0.00000000E+00 -0.76017499E+00 -0.78719503E+00 
   0.99999998E-02 -0.76017272E+00 -0.78713143E+00 
   0.20000000E-01 -0.76017982E+00 -0.78700542E+00 
   0.29999999E-01 -0.76019561E+00 -0.78692138E+00 
   0.39999999E-01 -0.76020646E+00 -0.78685200E+00 
   0.49999997E-01 -0.76020586E+00 -0.78678042E+00 
   0.59999995E-01 -0.76019102E+00 -0.78671497E+00 
   0.69999993E-01 -0.76015949E+00 -0.78666520E+00 
   0.79999991E-01 -0.76011002E+00 -0.78663480E+00 
   0.89999989E-01 -0.76004344E+00 -0.78662211E+00 
   0.99999987E-01 -0.75996327E+00 -0.78662282E+00 
   0.10999998E+00 -0.75987464E+00 -0.78663152E+00 
   0.11999998E+00 -0.75978339E+00 -0.78664309E+00 
   0.12999998E+00 -0.75969511E+00 -0.78665292E+00 
   0.13999999E+00 -0.75961435E+00 -0.78665721E+00 
   0.14999999E+00 -0.75954419E+00 -0.78665274E+00 
   0.16000000E+00 -0.75948656E+00 -0.78663731E+00 
   0.17000000E+00 -0.75944203E+00 -0.78660977E+00 
   0.18000001E+00 -0.75941062E+00 -0.78657013E+00 
   0.19000001E+00 -0.75939184E+00 -0.78651947E+00 
   0.20000002E+00 -0.75938505E+00 -0.78645921E+00 
   0.21000002E+00 -0.75938964E+00 -0.78639108E+00 
   0.22000003E+00 -0.75940502E+00 -0.78631639E+00 
   0.23000003E+00 -0.75943065E+00 -0.78623635E+00 
   0.24000004E+00 -0.75946599E+00 -0.78615153E+00 
   0.25000003E+00 -0.75951028E+00 -0.78606218E+00 
   0.26000002E+00 -0.75956267E+00 -0.78596842E+00 
   0.27000001E+00 -0.75962210E+00 -0.78587031E+00 
   0.28000000E+00 -0.75968713E+00 -0.78576803E+00 
   0.28999999E+00 -0.75975645E+00 -0.78566182E+00 
   0.29999998E+00 -0.75982839E+00 -0.78555220E+00 
   0.30999997E+00 -0.75990146E+00 -0.78543991E+00 
   0.31999996E+00 -0.75997412E+00 -0.78532559E+00 
   0.32999995E+00 -0.76004505E+00 -0.78521013E+00 
   0.33999994E+00 -0.76011306E+00 -0.78509414E+00 
   0.34999993E+00 -0.76017725E+00 -0.78497839E+00 
   0.35999992E+00 -0.76023686E+00 -0.78486323E+00 
   0.36999992E+00 -0.76029140E+00 -0.78474909E+00 
   0.37999991E+00 -0.76034045E+00 -0.78463602E+00 
   0.38999990E+00 -0.76038384E+00 -0.78452420E+00 
   0.39999989E+00 -0.76042151E+00 -0.78441358E+00 
   0.40999988E+00 -0.76045334E+00 -0.78430402E+00 
   0.41999987E+00 -0.76047945E+00 -0.78419560E+00 
   0.42999986E+00 -0.76049984E+00 -0.78408808E+00 
   0.43999985E+00 -0.76051468E+00 -0.78398150E+00 
   0.44999984E+00 -0.76052409E+00 -0.78387576E+00 
   0.45999983E+00 -0.76052815E+00 -0.78377080E+00 
   0.46999982E+00 -0.76052707E+00 -0.78366655E+00 
   0.47999981E+00 -0.76052111E+00 -0.78356284E+00 
   0.48999980E+00 -0.76051039E+00 -0.78345960E+00 
   0.49999979E+00 -0.76049519E+00 -0.78335667E+00 
   0.50999981E+00 -0.76047581E+00 -0.78325385E+00 
   0.51999980E+00 -0.76045263E+00 -0.78315085E+00 
   0.52999979E+00 -0.76042587E+00 -0.78304756E+00 
   0.53999978E+00 -0.76039594E+00 -0.78294373E+00 
   0.54999977E+00 -0.76036322E+00 -0.78283918E+00 
   0.55999976E+00 -0.76032799E+00 -0.78273362E+00 
   0.56999975E+00 -0.76029062E+00 -0.78262693E+00 
   0.57999974E+00 -0.76025140E+00 -0.78251892E+00 
   0.58999974E+00 -0.76021063E+00 -0.78240961E+00 
   0.59999973E+00 -0.76016849E+00 -0.78229880E+00 
   0.60999972E+00 -0.76012528E+00 -0.78218645E+00 
   0.61999971E+00 -0.76008111E+00 -0.78207266E+00 
   0.62999970E+00 -0.76003611E+00 -0.78195733E+00 
   0.63999969E+00 -0.75999051E+00 -0.78184062E+00 
   0.64999968E+00 -0.75994432E+00 -0.78172249E+00 
   0.65999967E+00 -0.75989771E+00 -0.78160316E+00 
   0.66999966E+00 -0.75985068E+00 -0.78148264E+00 
   0.67999965E+00 -0.75980330E+00 -0.78136104E+00 
   0.68999964E+00 -0.75975561E+00 -0.78123862E+00 
   0.69999963E+00 -0.75970763E+00 -0.78111535E+00 
   0.70999962E+00 -0.75965953E+00 -0.78099149E+00 
   0.71999961E+00 -0.75961125E+00 -0.78086710E+00 
   0.72999960E+00 -0.75956279E+00 -0.78074235E+00 
   0.73999959E+00 -0.75951433E+00 -0.78061730E+00 
   0.74999958E+00 -0.75946581E+00 -0.78049201E+00 
   0.75999957E+00 -0.75941730E+00 -0.78036672E+00 
   0.76999956E+00 -0.75936884E+00 -0.78024137E+00 
   0.77999955E+00 -0.75932056E+00 -0.78011608E+00 
   0.78999954E+00 -0.75927240E+00 -0.77999097E+00 
   0.79999954E+00 -0.75922447E+00 -0.77986598E+00 
   0.80999953E+00 -0.75917685E+00 -0.77974129E+00 
   0.81999952E+00 -0.75912958E+00 -0.77961683E+00 
   0.82999951E+00 -0.75908273E+00 -0.77949274E+00 
   0.83999950E+00 -0.75903636E+00 -0.77936900E+00 
   0.84999949E+00 -0.75899053E+00 -0.77924567E+00 
   0.85999948E+00 -0.75894529E+00 -0.77912283E+00 
   0.86999947E+00 -0.75890070E+00 -0.77900040E+00 
   0.87999946E+00 -0.75885689E+00 -0.77887857E+00 
   0.88999945E+00 -0.75881380E+00 -0.77875733E+00 
   0.89999944E+00 -0.75877160E+00 -0.77863669E+00 
   0.90999943E+00 -0.75873035E+00 -0.77851671E+00 
   0.91999942E+00 -0.75869000E+00 -0.77839744E+00 
   0.92999941E+00 -0.75865066E+00 -0.77827895E+00 
   0.93999940E+00 -0.75861245E+00 -0.77816129E+00 
   0.94999939E+00 -0.75857526E+00 -0.77804446E+00 
   0.95999938E+00 -0.75853926E+00 -0.77792853E+00 
   0.96999937E+00 -0.75850439E+00 -0.77781355E+00 
   0.97999936E+00 -0.75847071E+00 -0.77769953E+00 
   0.98999935E+00 -0.75843823E+00 -0.77758652E+00 
   0.99999934E+00 -0.75840700E+00 -0.77747464E+00 
   0.10099994E+01 -0.75837696E+00 -0.77736378E+00 
   0.10199994E+01 -0.75834811E+00 -0.77725405E+00 
   0.10299994E+01 -0.75832045E+00 -0.77714545E+00 
   0.10399994E+01 -0.75829399E+00 -0.77703804E+00 
   0.10499994E+01 -0.75826871E+00 -0.77693182E+00 
   0.10599993E+01 -0.75824457E+00 -0.77682686E+00 
   0.10699993E+01 -0.75822151E+00 -0.77672321E+00 
   0.10799993E+01 -0.75819957E+00 -0.77662075E+00 
   0.10899993E+01 -0.75817865E+00 -0.77651966E+00 
   0.10999993E+01 -0.75815868E+00 -0.77641994E+00 
   0.11099993E+01 -0.75813973E+00 -0.77632159E+00 
   0.11199993E+01 -0.75812173E+00 -0.77622461E+00 
   0.11299993E+01 -0.75810462E+00 -0.77612913E+00 
   0.11399993E+01 -0.75808841E+00 -0.77603513E+00 
   0.11499993E+01 -0.75807297E+00 -0.77594268E+00 
   0.11599993E+01 -0.75805837E+00 -0.77585185E+00 
   0.11699992E+01 -0.75804454E+00 -0.77576262E+00 
   0.11799992E+01 -0.75803143E+00 -0.77567512E+00 
   0.11899992E+01 -0.75801909E+00 -0.77558929E+00 
   0.11999992E+01 -0.75800747E+00 -0.77550530E+00 
   0.12099992E+01 -0.75799644E+00 -0.77542311E+00 
   0.12199992E+01 -0.75798613E+00 -0.77534288E+00 
   0.12299992E+01 -0.75797647E+00 -0.77526462E+00 
   0.12399992E+01 -0.75796741E+00 -0.77518833E+00 
   0.12499992E+01 -0.75795895E+00 -0.77511418E+00 
   0.12599992E+01 -0.75795108E+00 -0.77504218E+00 
   0.12699991E+01 -0.75794375E+00 -0.77497238E+00 
   0.12799991E+01 -0.75793701E+00 -0.77490485E+00 
   0.12899991E+01 -0.75793082E+00 -0.77483970E+00 
   0.12999991E+01 -0.75792509E+00 -0.77477688E+00 
   0.13099991E+01 -0.75791997E+00 -0.77471662E+00 
   0.13199991E+01 -0.75791526E+00 -0.77465886E+00 
   0.13299991E+01 -0.75791109E+00 -0.77460366E+00 
   0.13399991E+01 -0.75790739E+00 -0.77455121E+00 
   0.13499991E+01 -0.75790417E+00 -0.77450138E+00 
   0.13599991E+01 -0.75790143E+00 -0.77445441E+00 
   0.13699991E+01 -0.75789911E+00 -0.77441025E+00 
   0.13799990E+01 -0.75789726E+00 -0.77436906E+00 
   0.13899990E+01 -0.75789583E+00 -0.77433074E+00 
   0.13999990E+01 -0.75789481E+00 -0.77429551E+00 
   0.14099990E+01 -0.75789422E+00 -0.77426332E+00 
   0.14199990E+01 -0.75789410E+00 -0.77423429E+00 
   0.14299990E+01 -0.75789440E+00 -0.77420837E+00 
   0.14399990E+01 -0.75789511E+00 -0.77418572E+00 
   0.14499990E+01 -0.75789624E+00 -0.77416635E+00 
   0.14599990E+01 -0.75789785E+00 -0.77415031E+00 
   0.14699990E+01 -0.75789982E+00 -0.77413756E+00 
   0.14799989E+01 -0.75790226E+00 -0.77412826E+00 
   0.14899989E+01 -0.75790513E+00 -0.77412230E+00 
   0.14999989E+01 -0.75790840E+00 -0.77411985E+00 
   0.15099989E+01 -0.75791174E+00 -0.77411896E+00 
   0.15199989E+01 -0.75791472E+00 -0.77411765E+00 
   0.15299989E+01 -0.75791734E+00 -0.77411592E+00 
   0.15399989E+01 -0.75791973E+00 -0.77411389E+00 
   0.15499989E+01 -0.75792176E+00 -0.77411151E+00 
   0.15599989E+01 -0.75792348E+00 -0.77410883E+00 
   0.15699989E+01 -0.75792485E+00 -0.77410585E+00 
   0.15799989E+01 -0.75792599E+00 -0.77410263E+00 
   0.15899988E+01 -0.75792736E+00 -0.77410442E+00 
   0.15999988E+01 -0.75792909E+00 -0.77411443E+00 
   0.16099988E+01 -0.75793129E+00 -0.77413273E+00 
   0.16199988E+01 -0.75793391E+00 -0.77415925E+00 
   0.16299988E+01 -0.75793695E+00 -0.77419406E+00 
   0.16399988E+01 -0.75794047E+00 -0.77423704E+00 
   0.16499988E+01 -0.75794435E+00 -0.77428818E+00 
   0.16599988E+01 -0.75794876E+00 -0.77434742E+00 
   0.16699988E+01 -0.75795352E+00 -0.77441466E+00 
   0.16799988E+01 -0.75795877E+00 -0.77448988E+00 
   0.16899987E+01 -0.75796443E+00 -0.77457297E+00 
   0.16999987E+01 -0.75797051E+00 -0.77466387E+00 
   0.17099987E+01 -0.75797701E+00 -0.77476245E+00 
   0.17199987E+01 -0.75798392E+00 -0.77486861E+00 
   0.17299987E+01 -0.75799125E+00 -0.77498221E+00 
   0.17399987E+01 -0.75799900E+00 -0.77510321E+00 
   0.17499987E+01 -0.75800711E+00 -0.77523142E+00 
   0.17599987E+01 -0.75801563E+00 -0.77536672E+00 
   0.17699987E+01 -0.75802451E+00 -0.77550900E+00 
   0.17799987E+01 -0.75803381E+00 -0.77565813E+00 
   0.17899987E+01 -0.75804353E+00 -0.77581382E+00 
   0.17999986E+01 -0.75805360E+00 -0.77597606E+00 
   0.18099986E+01 -0.75806403E+00 -0.77614462E+00 
   0.18199986E+01 -0.75807482E+00 -0.77631932E+00 
   0.18299986E+01 -0.75808597E+00 -0.77650005E+00 
   0.18399986E+01 -0.75809747E+00 -0.77668649E+00 
   0.18499986E+01 -0.75810933E+00 -0.77687860E+00 
   0.18599986E+01 -0.75812155E+00 -0.77707613E+00 
   0.18699986E+01 -0.75813407E+00 -0.77727884E+00 
   0.18799986E+01 -0.75814688E+00 -0.77748662E+00 
   0.18899986E+01 -0.75816000E+00 -0.77769917E+00 
   0.18999985E+01 -0.75817341E+00 -0.77791637E+00 
   0.19099985E+01 -0.75818712E+00 -0.77813798E+00 
   0.19199985E+01 -0.75820106E+00 -0.77836382E+00 
   0.19299985E+01 -0.75821531E+00 -0.77859360E+00 
   0.19399985E+01 -0.75822973E+00 -0.77882719E+00 
   0.19499985E+01 -0.75824445E+00 -0.77906442E+00 
   0.19599985E+01 -0.75825936E+00 -0.77930498E+00 
   0.19699985E+01 -0.75827444E+00 -0.77954870E+00 
   0.19799985E+01 -0.75828975E+00 -0.77979535E+00 
   0.19899985E+01 -0.75830519E+00 -0.78004473E+00 
   0.19999985E+01 -0.75832087E+00 -0.78029668E+00 
   0.20099986E+01 -0.75833666E+00 -0.78055096E+00 
   0.20199986E+01 -0.75835264E+00 -0.78080738E+00 
   0.20299985E+01 -0.75836873E+00 -0.78106570E+00 
   0.20399985E+01 -0.75838494E+00 -0.78132570E+00 
   0.20499985E+01 -0.75840127E+00 -0.78158718E+00 
   0.20599985E+01 -0.75841773E+00 -0.78184998E+00 
   0.20699985E+01 -0.75843430E+00 -0.78211391E+00 
   0.20799985E+01 -0.75845087E+00 -0.78237873E+00 
   0.20899985E+01 -0.75846756E+00 -0.78264421E+00 
   0.20999985E+01 -0.75848430E+00 -0.78291023E+00 
   0.21099985E+01 -0.75850111E+00 -0.78317654E+00 
   0.21199985E+01 -0.75851792E+00 -0.78344297E+00 
   0.21299984E+01 -0.75853479E+00 -0.78370929E+00 
   0.21399984E+01 -0.75855160E+00 -0.78397536E+00 
   0.21499984E+01 -0.75856847E+00 -0.78424102E+00 
   0.21599984E+01 -0.75858527E+00 -0.78450602E+00 
   0.21699984E+01 -0.75860208E+00 -0.78477013E+00 
   0.21799984E+01 -0.75861883E+00 -0.78503335E+00 
   0.21899984E+01 -0.75863552E+00 -0.78529531E+00 
   0.21999984E+01 -0.75865215E+00 -0.78555596E+00 
   0.22099984E+01 -0.75866866E+00 -0.78581512E+00 
   0.22199984E+01 -0.75868511E+00 -0.78607255E+00 
   0.22299984E+01 -0.75870138E+00 -0.78632814E+00 
   0.22399983E+01 -0.75871760E+00 -0.78658170E+00 
   0.22499983E+01 -0.75873369E+00 -0.78683311E+00 
   0.22599983E+01 -0.75874960E+00 -0.78708225E+00 
   0.22699983E+01 -0.75876540E+00 -0.78732884E+00 
   0.22799983E+01 -0.75878102E+00 -0.78757286E+00 
   0.22899983E+01 -0.75879639E+00 -0.78781408E+00 
   0.22999983E+01 -0.75881165E+00 -0.78805238E+00 
   0.23099983E+01 -0.75882667E+00 -0.78828770E+00 
   0.23199983E+01 -0.75884151E+00 -0.78851980E+00 
   0.23299983E+01 -0.75885618E+00 -0.78874856E+00 
   0.23399982E+01 -0.75887054E+00 -0.78897393E+00 
   0.23499982E+01 -0.75888473E+00 -0.78919572E+00 
   0.23599982E+01 -0.75889862E+00 -0.78941381E+00 
   0.23699982E+01 -0.75891227E+00 -0.78962809E+00 
   0.23799982E+01 -0.75892568E+00 -0.78983843E+00 
   0.23899982E+01 -0.75893879E+00 -0.79004478E+00 
   0.23999982E+01 -0.75895166E+00 -0.79024696E+00 
   0.24099982E+01 -0.75896424E+00 -0.79044491E+00 
   0.24199982E+01 -0.75897652E+00 -0.79063851E+00 
   0.24299982E+01 -0.75898850E+00 -0.79082763E+00 
   0.24399981E+01 -0.75900018E+00 -0.79101223E+00 
   0.24499981E+01 -0.75901157E+00 -0.79119223E+00 
   0.24599981E+01 -0.75902259E+00 -0.79136747E+00 
   0.24699981E+01 -0.75903338E+00 -0.79153794E+00 
   0.24799981E+01 -0.75904381E+00 -0.79170352E+00 
   0.24899981E+01 -0.75905389E+00 -0.79186410E+00 
   0.24999981E+01 -0.75906366E+00 -0.79201967E+00 
   0.25099981E+01 -0.75907314E+00 -0.79217017E+00 
   0.25199981E+01 -0.75908226E+00 -0.79231542E+00 
   0.25299981E+01 -0.75909102E+00 -0.79245543E+00 
   0.25399981E+01 -0.75909948E+00 -0.79259014E+00 
   0.25499980E+01 -0.75910759E+00 -0.79271948E+00 
   0.25599980E+01 -0.75911534E+00 -0.79284340E+00 
   0.25699980E+01 -0.75912273E+00 -0.79296184E+00 
   0.25799980E+01 -0.75912982E+00 -0.79307473E+00 
   0.25899980E+01 -0.75913656E+00 -0.79318202E+00 
   0.25999980E+01 -0.75914294E+00 -0.79328370E+00 
   0.26099980E+01 -0.75914896E+00 -0.79337972E+00 
   0.26199980E+01 -0.75915462E+00 -0.79347003E+00 
   0.26299980E+01 -0.75915998E+00 -0.79355454E+00 
   0.26399980E+01 -0.75916493E+00 -0.79363328E+00 
   0.26499979E+01 -0.75916958E+00 -0.79370624E+00 
   0.26599979E+01 -0.75917387E+00 -0.79377329E+00 
   0.26699979E+01 -0.75917780E+00 -0.79383451E+00 
   0.26799979E+01 -0.75918138E+00 -0.79388982E+00 
   0.26899979E+01 -0.75918460E+00 -0.79393917E+00 
   0.26999979E+01 -0.75918752E+00 -0.79398257E+00 
   0.27099979E+01 -0.75919002E+00 -0.79402006E+00 
   0.27199979E+01 -0.75919223E+00 -0.79405153E+00 
   0.27299979E+01 -0.75919408E+00 -0.79407704E+00 
   0.27399979E+01 -0.75919557E+00 -0.79409653E+00 
   0.27499979E+01 -0.75919670E+00 -0.79411000E+00 
   0.27599978E+01 -0.75919747E+00 -0.79411751E+00 
   0.27699978E+01 -0.75919801E+00 -0.79411948E+00 
   0.27799978E+01 -0.75920039E+00 -0.79412538E+00 
   0.27899978E+01 -0.75920516E+00 -0.79413873E+00 
   0.27999978E+01 -0.75921243E+00 -0.79415953E+00 
   0.28099978E+01 -0.75922209E+00 -0.79418761E+00 
   0.28199978E+01 -0.75923419E+00 -0.79422313E+00 
   0.28299978E+01 -0.75924873E+00 -0.79426587E+00 
   0.28399978E+01 -0.75926566E+00 -0.79431593E+00 
   0.28499978E+01 -0.75928491E+00 -0.79437327E+00 
   0.28599977E+01 -0.75930661E+00 -0.79443783E+00 
   0.28699977E+01 -0.75933057E+00 -0.79450953E+00 
   0.28799977E+01 -0.75935692E+00 -0.79458839E+00 
   0.28899977E+01 -0.75938559E+00 -0.79467434E+00 
   0.28999977E+01 -0.75941652E+00 -0.79476738E+00 
   0.29099977E+01 -0.75944972E+00 -0.79486740E+00 
   0.29199977E+01 -0.75948519E+00 -0.79497433E+00 
   0.29299977E+01 -0.75952286E+00 -0.79508817E+00 
   0.29399977E+01 -0.75956279E+00 -0.79520893E+00 
   0.29499977E+01 -0.75960493E+00 -0.79533643E+00 
   0.29599977E+01 -0.75964928E+00 -0.79547065E+00 
   0.29699976E+01 -0.75969577E+00 -0.79561156E+00 
   0.29799976E+01 -0.75974441E+00 -0.79575908E+00 
   0.29899976E+01 -0.75979519E+00 -0.79591310E+00 
   0.29999976E+01 -0.75984812E+00 -0.79607362E+00 
   0.30099976E+01 -0.75990307E+00 -0.79624051E+00 
   0.30199976E+01 -0.75996017E+00 -0.79641372E+00 
   0.30299976E+01 -0.76001930E+00 -0.79659313E+00 
   0.30399976E+01 -0.76008040E+00 -0.79677868E+00 
   0.30499976E+01 -0.76014358E+00 -0.79697025E+00 
   0.30599976E+01 -0.76020867E+00 -0.79716784E+00 
   0.30699975E+01 -0.76027572E+00 -0.79737127E+00 
   0.30799975E+01 -0.76034462E+00 -0.79758048E+00 
   0.30899975E+01 -0.76041543E+00 -0.79779536E+00 
   0.30999975E+01 -0.76048815E+00 -0.79801583E+00 
   0.31099975E+01 -0.76056260E+00 -0.79824173E+00 
   0.31199975E+01 -0.76063883E+00 -0.79847300E+00 
   0.31299975E+01 -0.76071686E+00 -0.79870957E+00 
   0.31399975E+01 -0.76079661E+00 -0.79895127E+00 
   0.31499975E+01 -0.76087797E+00 -0.79919803E+00 
   0.31599975E+01 -0.76096106E+00 -0.79944974E+00 
   0.31699975E+01 -0.76104569E+00 -0.79970628E+00 
   0.31799974E+01 -0.76113200E+00 -0.79996753E+00 
   0.31899974E+01 -0.76121980E+00 -0.80023336E+00 
   0.31999974E+01 -0.76130909E+00 -0.80050367E+00 
   0.32099974E+01 -0.76139992E+00 -0.80077833E+00 
   0.32199974E+01 -0.76149219E+00 -0.80105728E+00 
   0.32299974E+01 -0.76158583E+00 -0.80134028E+00 
   0.32399974E+01 -0.76168090E+00 -0.80162734E+00 
   0.32499974E+01 -0.76177728E+00 -0.80191827E+00 
   0.32599974E+01 -0.76187497E+00 -0.80221289E+00 
   0.32699974E+01 -0.76197392E+00 -0.80251116E+00 
   0.32799973E+01 -0.76207411E+00 -0.80281287E+00 
   0.32899973E+01 -0.76217544E+00 -0.80311799E+00 
   0.32999973E+01 -0.76227796E+00 -0.80342627E+00 
   0.33099973E+01 -0.76238161E+00 -0.80373764E+00 
   0.33199973E+01 -0.76248628E+00 -0.80405194E+00 
   0.33299973E+01 -0.76259196E+00 -0.80436909E+00 
   0.33399973E+01 -0.76269859E+00 -0.80468887E+00 
   0.33499973E+01 -0.76280624E+00 -0.80501115E+00 
   0.33599973E+01 -0.76291472E+00 -0.80533582E+00 
   0.33699973E+01 -0.76302403E+00 -0.80566275E+00 
   0.33799973E+01 -0.76313418E+00 -0.80599171E+00 
   0.33899972E+01 -0.76324505E+00 -0.80632269E+00 
   0.33999972E+01 -0.76335663E+00 -0.80665547E+00 
   0.34099972E+01 -0.76346886E+00 -0.80698991E+00 
   0.34199972E+01 -0.76358175E+00 -0.80732584E+00 
   0.34299972E+01 -0.76369518E+00 -0.80766314E+00 
   0.34399972E+01 -0.76380914E+00 -0.80800176E+00 
   0.34499972E+01 -0.76392359E+00 -0.80834138E+00 
   0.34599972E+01 -0.76403850E+00 -0.80868202E+00 
   0.34699972E+01 -0.76415378E+00 -0.80902338E+00 
   0.34799972E+01 -0.76426935E+00 -0.80936545E+00 
   0.34899971E+01 -0.76438528E+00 -0.80970806E+00 
   0.34999971E+01 -0.76450139E+00 -0.81005102E+00 
   0.35099971E+01 -0.76461774E+00 -0.81039423E+00 
   0.35199971E+01 -0.76473427E+00 -0.81073749E+00 
   0.35299971E+01 -0.76485085E+00 -0.81108075E+00 
   0.35399971E+01 -0.76496750E+00 -0.81142384E+00 
   0.35499971E+01 -0.76508421E+00 -0.81176656E+00 
   0.35599971E+01 -0.76520085E+00 -0.81210881E+00 
   0.35699971E+01 -0.76531744E+00 -0.81245047E+00 
   0.35799971E+01 -0.76543391E+00 -0.81279141E+00 
   0.35899971E+01 -0.76555020E+00 -0.81313151E+00 
   0.35999970E+01 -0.76566625E+00 -0.81347054E+00 
   0.36099970E+01 -0.76578206E+00 -0.81380850E+00 
   0.36199970E+01 -0.76589757E+00 -0.81414515E+00 
   0.36299970E+01 -0.76601273E+00 -0.81448048E+00 
   0.36399970E+01 -0.76612747E+00 -0.81481421E+00 
   0.36499970E+01 -0.76624185E+00 -0.81514633E+00 
   0.36599970E+01 -0.76635569E+00 -0.81547666E+00 
   0.36699970E+01 -0.76646900E+00 -0.81580514E+00 
   0.36799970E+01 -0.76658177E+00 -0.81613159E+00 
   0.36899970E+01 -0.76669395E+00 -0.81645590E+00 
   0.36999969E+01 -0.76680547E+00 -0.81677794E+00 
   0.37099969E+01 -0.76691633E+00 -0.81709760E+00 
   0.37199969E+01 -0.76702642E+00 -0.81741482E+00 
   0.37299969E+01 -0.76713574E+00 -0.81772947E+00 
   0.37399969E+01 -0.76724428E+00 -0.81804138E+00 
   0.37499969E+01 -0.76735198E+00 -0.81835043E+00 
   0.37599969E+01 -0.76745874E+00 -0.81865662E+00 
   0.37699969E+01 -0.76756465E+00 -0.81895977E+00 
   0.37799969E+01 -0.76766956E+00 -0.81925976E+00 
   0.37899969E+01 -0.76777345E+00 -0.81955653E+00 
   0.37999969E+01 -0.76787633E+00 -0.81984997E+00 
   0.38099968E+01 -0.76797813E+00 -0.82013994E+00 
   0.38199968E+01 -0.76807880E+00 -0.82042646E+00 
   0.38299968E+01 -0.76817828E+00 -0.82070929E+00 
   0.38399968E+01 -0.76827663E+00 -0.82098842E+00 
   0.38499968E+01 -0.76837379E+00 -0.82126367E+00 
   0.38599968E+01 -0.76846963E+00 -0.82153511E+00 
   0.38699968E+01 -0.76856422E+00 -0.82180250E+00 
   0.38799968E+01 -0.76865751E+00 -0.82206583E+00 
   0.38899968E+01 -0.76874942E+00 -0.82232505E+00 
   0.38999968E+01 -0.76883996E+00 -0.82257998E+00 
   0.39099967E+01 -0.76892900E+00 -0.82283056E+00 
   0.39199967E+01 -0.76901668E+00 -0.82307678E+00 
   0.39299967E+01 -0.76910281E+00 -0.82331854E+00 
   0.39399967E+01 -0.76918745E+00 -0.82355571E+00 
   0.39499967E+01 -0.76927054E+00 -0.82378829E+00 
   0.39599967E+01 -0.76935208E+00 -0.82401615E+00 
   0.39699967E+01 -0.76943201E+00 -0.82423919E+00 
   0.39799967E+01 -0.76951027E+00 -0.82445747E+00 
   0.39899967E+01 -0.76958692E+00 -0.82467085E+00 
   0.39999967E+01 -0.76966184E+00 -0.82487929E+00 
   0.40099969E+01 -0.76973504E+00 -0.82508266E+00 
   0.40199971E+01 -0.76980650E+00 -0.82528096E+00 
   0.40299973E+01 -0.76987618E+00 -0.82547414E+00 
   0.40399976E+01 -0.76994413E+00 -0.82566208E+00 
   0.40499978E+01 -0.77001017E+00 -0.82584482E+00 
   0.40599980E+01 -0.77007443E+00 -0.82602221E+00 
   0.40699983E+01 -0.77013683E+00 -0.82619429E+00 
   0.40799985E+01 -0.77019733E+00 -0.82636100E+00 
   0.40899987E+01 -0.77025592E+00 -0.82652217E+00 
   0.40999990E+01 -0.77031255E+00 -0.82667792E+00 
   0.41099992E+01 -0.77036726E+00 -0.82682812E+00 
   0.41199994E+01 -0.77041996E+00 -0.82697278E+00 
   0.41299996E+01 -0.77047074E+00 -0.82711178E+00 
   0.41399999E+01 -0.77051944E+00 -0.82724512E+00 
   0.41500001E+01 -0.77056617E+00 -0.82737285E+00 
   0.41600003E+01 -0.77061081E+00 -0.82749480E+00 
   0.41700006E+01 -0.77065343E+00 -0.82761097E+00 
   0.41800008E+01 -0.77069396E+00 -0.82772142E+00 
   0.41900010E+01 -0.77073240E+00 -0.82782602E+00 
   0.42000012E+01 -0.77076876E+00 -0.82792479E+00 
   0.42100015E+01 -0.77080297E+00 -0.82801771E+00 
   0.42200017E+01 -0.77083504E+00 -0.82810473E+00 
   0.42300019E+01 -0.77086502E+00 -0.82818580E+00 
   0.42400022E+01 -0.77089286E+00 -0.82826102E+00 
   0.42500024E+01 -0.77091849E+00 -0.82833022E+00 
   0.42600026E+01 -0.77094203E+00 -0.82839352E+00 
   0.42700028E+01 -0.77096331E+00 -0.82845080E+00 
   0.42800031E+01 -0.77098244E+00 -0.82850206E+00 
   0.42900033E+01 -0.77099943E+00 -0.82854730E+00 
   0.43000035E+01 -0.77101415E+00 -0.82858658E+00 
   0.43100038E+01 -0.77102673E+00 -0.82861984E+00 
   0.43200040E+01 -0.77103710E+00 -0.82864702E+00 
   0.43300042E+01 -0.77104521E+00 -0.82866812E+00 
   0.43400044E+01 -0.77105117E+00 -0.82868326E+00 
   0.43500047E+01 -0.77105492E+00 -0.82869226E+00 
   0.43600049E+01 -0.77105641E+00 -0.82869524E+00 
   0.43700051E+01 -0.77105701E+00 -0.82869160E+00 
   0.43800054E+01 -0.77105737E+00 -0.82868111E+00 
   0.43900056E+01 -0.77105749E+00 -0.82866365E+00 
   0.44000058E+01 -0.77105743E+00 -0.82863939E+00 
   0.44100060E+01 -0.77105719E+00 -0.82860821E+00 
   0.44200063E+01 -0.77105671E+00 -0.82857025E+00 
   0.44300065E+01 -0.77105600E+00 -0.82852536E+00 
   0.44400067E+01 -0.77105510E+00 -0.82847375E+00 
   0.44500070E+01 -0.77105403E+00 -0.82841533E+00 
   0.44600072E+01 -0.77105272E+00 -0.82835013E+00 
   0.44700074E+01 -0.77105123E+00 -0.82827824E+00 
   0.44800076E+01 -0.77104950E+00 -0.82819963E+00 
   0.44900079E+01 -0.77104759E+00 -0.82811439E+00 
   0.45000081E+01 -0.77104545E+00 -0.82802254E+00 
   0.45100083E+01 -0.77104318E+00 -0.82792407E+00 
   0.45200086E+01 -0.77104062E+00 -0.82781911E+00 
   0.45300088E+01 -0.77103788E+00 -0.82770765E+00 
   0.45400090E+01 -0.77103496E+00 -0.82758969E+00 
   0.45500093E+01 -0.77103180E+00 -0.82746542E+00 
   0.45600095E+01 -0.77102846E+00 -0.82733482E+00 
   0.45700097E+01 -0.77102488E+00 -0.82719791E+00 
   0.45800099E+01 -0.77102113E+00 -0.82705480E+00 
   0.45900102E+01 -0.77101713E+00 -0.82690561E+00 
   0.46000104E+01 -0.77101290E+00 -0.82675028E+00 
   0.46100106E+01 -0.77100849E+00 -0.82658899E+00 
   0.46200109E+01 -0.77100384E+00 -0.82642174E+00 
   0.46300111E+01 -0.77099895E+00 -0.82624865E+00 
   0.46400113E+01 -0.77099389E+00 -0.82606977E+00 
   0.46500115E+01 -0.77098858E+00 -0.82588524E+00 
   0.46600118E+01 -0.77098304E+00 -0.82569510E+00 
   0.46700120E+01 -0.77097726E+00 -0.82549942E+00 
   0.46800122E+01 -0.77097124E+00 -0.82529837E+00 
   0.46900125E+01 -0.77096504E+00 -0.82509196E+00 
   0.47000127E+01 -0.77095854E+00 -0.82488036E+00 
   0.47100129E+01 -0.77095187E+00 -0.82466364E+00 
   0.47200131E+01 -0.77094495E+00 -0.82444185E+00 
   0.47300134E+01 -0.77093780E+00 -0.82421523E+00 
   0.47400136E+01 -0.77093041E+00 -0.82398379E+00 
   0.47500138E+01 -0.77092272E+00 -0.82374769E+00 
   0.47600141E+01 -0.77091485E+00 -0.82350701E+00 
   0.47700143E+01 -0.77090675E+00 -0.82326192E+00 
   0.47800145E+01 -0.77089840E+00 -0.82301247E+00 
   0.47900147E+01 -0.77088982E+00 -0.82275891E+00 
   0.48000150E+01 -0.77088100E+00 -0.82250124E+00 
   0.48100152E+01 -0.77087188E+00 -0.82223970E+00 
   0.48200154E+01 -0.77086258E+00 -0.82197440E+00 
   0.48300157E+01 -0.77085304E+00 -0.82170540E+00 
   0.48400159E+01 -0.77084327E+00 -0.82143295E+00 
   0.48500161E+01 -0.77083325E+00 -0.82115722E+00 
   0.48600163E+01 -0.77082300E+00 -0.82087827E+00 
   0.48700166E+01 -0.77081257E+00 -0.82059628E+00 
   0.48800168E+01 -0.77080184E+00 -0.82031149E+00 
   0.48900170E+01 -0.77079093E+00 -0.82002395E+00 
   0.49000173E+01 -0.77077985E+00 -0.81973392E+00 
   0.49100175E+01 -0.77076846E+00 -0.81944150E+00 
   0.49200177E+01 -0.77075696E+00 -0.81914693E+00 
   0.49300179E+01 -0.77074516E+00 -0.81885040E+00 
   0.49400182E+01 -0.77073324E+00 -0.81855202E+00 
   0.49500184E+01 -0.77072108E+00 -0.81825203E+00 
   0.49600186E+01 -0.77070880E+00 -0.81795055E+00 
   0.49700189E+01 -0.77069628E+00 -0.81764787E+00 
   0.49800191E+01 -0.77068365E+00 -0.81734413E+00 
   0.49900193E+01 -0.77067083E+00 -0.81703955E+00 
   0.50000196E+01 -0.77065784E+00 -0.81673437E+00 
   0.50100198E+01 -0.77064472E+00 -0.81642872E+00 
   0.50200200E+01 -0.77063149E+00 -0.81612283E+00 
   0.50300202E+01 -0.77061814E+00 -0.81581694E+00 
   0.50400205E+01 -0.77060467E+00 -0.81551129E+00 
   0.50500207E+01 -0.77059114E+00 -0.81520599E+00 
   0.50600209E+01 -0.77057743E+00 -0.81490141E+00 
   0.50700212E+01 -0.77056372E+00 -0.81459767E+00 
   0.50800214E+01 -0.77054995E+00 -0.81429505E+00 
   0.50900216E+01 -0.77053607E+00 -0.81399375E+00 
   0.51000218E+01 -0.77052218E+00 -0.81369400E+00 
   0.51100221E+01 -0.77050829E+00 -0.81339604E+00 
   0.51200223E+01 -0.77049434E+00 -0.81310016E+00 
   0.51300225E+01 -0.77048045E+00 -0.81280649E+00 
   0.51400228E+01 -0.77046657E+00 -0.81251538E+00 
   0.51500230E+01 -0.77045274E+00 -0.81222707E+00 
   0.51600232E+01 -0.77043891E+00 -0.81194168E+00 
   0.51700234E+01 -0.77042514E+00 -0.81165957E+00 
   0.51800237E+01 -0.77041149E+00 -0.81138098E+00 
   0.51900239E+01 -0.77039796E+00 -0.81110609E+00 
   0.52000241E+01 -0.77038455E+00 -0.81083524E+00 
   0.52100244E+01 -0.77037120E+00 -0.81056857E+00 
   0.52200246E+01 -0.77035809E+00 -0.81030643E+00 
   0.52300248E+01 -0.77034509E+00 -0.81004900E+00 
   0.52400250E+01 -0.77033228E+00 -0.80979651E+00 
   0.52500253E+01 -0.77031970E+00 -0.80954927E+00 
   0.52600255E+01 -0.77030730E+00 -0.80930752E+00 
   0.52700257E+01 -0.77029520E+00 -0.80907142E+00 
   0.52800260E+01 -0.77028334E+00 -0.80884129E+00 
   0.52900262E+01 -0.77027172E+00 -0.80861729E+00 
   0.53000264E+01 -0.77026039E+00 -0.80839974E+00 
   0.53100266E+01 -0.77024937E+00 -0.80818880E+00 
   0.53200269E+01 -0.77023870E+00 -0.80798471E+00 
   0.53300271E+01 -0.77022839E+00 -0.80778772E+00 
   0.53400273E+01 -0.77021837E+00 -0.80759799E+00 
   0.53500276E+01 -0.77020878E+00 -0.80741578E+00 
   0.53600278E+01 -0.77019954E+00 -0.80724132E+00 
   0.53700280E+01 -0.77019072E+00 -0.80707473E+00 
   0.53800282E+01 -0.77018231E+00 -0.80691624E+00 
   0.53900285E+01 -0.77017432E+00 -0.80676597E+00 
   0.54000287E+01 -0.77016681E+00 -0.80662417E+00 
   0.54100289E+01 -0.77015978E+00 -0.80649102E+00 
   0.54200292E+01 -0.77015316E+00 -0.80636668E+00 
   0.54300294E+01 -0.77014709E+00 -0.80625117E+00 
   0.54400296E+01 -0.77014142E+00 -0.80614477E+00 
   0.54500299E+01 -0.77013636E+00 -0.80604756E+00 
   0.54600301E+01 -0.77013177E+00 -0.80595970E+00 
   0.54700303E+01 -0.77012765E+00 -0.80588120E+00 
   0.54800305E+01 -0.77012414E+00 -0.80581224E+00 
   0.54900308E+01 -0.77012116E+00 -0.80575287E+00 
   0.55000310E+01 -0.77011865E+00 -0.80570316E+00 
   0.55100312E+01 -0.77011675E+00 -0.80566323E+00 
   0.55200315E+01 -0.77011538E+00 -0.80563307E+00 
   0.55300317E+01 -0.77011460E+00 -0.80561274E+00 
   0.55400319E+01 -0.77011430E+00 -0.80560225E+00 
   0.55500321E+01 -0.77011353E+00 -0.80559969E+00 
   0.55600324E+01 -0.77010185E+00 -0.80558711E+00 
   0.55700326E+01 -0.77007687E+00 -0.80556011E+00 
   0.55800328E+01 -0.77003855E+00 -0.80551869E+00 
   0.55900331E+01 -0.76998693E+00 -0.80546284E+00 
   0.56000333E+01 -0.76992208E+00 -0.80539256E+00 
   0.56100335E+01 -0.76984394E+00 -0.80530781E+00 
   0.56200337E+01 -0.76975262E+00 -0.80520874E+00 
   0.56300340E+01 -0.76964802E+00 -0.80509526E+00 
   0.56400342E+01 -0.76953030E+00 -0.80496734E+00 
   0.56500344E+01 -0.76939946E+00 -0.80482513E+00 
   0.56600347E+01 -0.76925546E+00 -0.80466849E+00 
   0.56700349E+01 -0.76909846E+00 -0.80449754E+00 
   0.56800351E+01 -0.76892841E+00 -0.80431217E+00 
   0.56900353E+01 -0.76874536E+00 -0.80411249E+00 
   0.57000356E+01 -0.76854944E+00 -0.80389845E+00 
   0.57100358E+01 -0.76834059E+00 -0.80367005E+00 
   0.57200360E+01 -0.76811892E+00 -0.80342728E+00 
   0.57300363E+01 -0.76788443E+00 -0.80317014E+00 
   0.57400365E+01 -0.76763725E+00 -0.80289865E+00 
   0.57500367E+01 -0.76737732E+00 -0.80261284E+00 
   0.57600369E+01 -0.76710480E+00 -0.80231267E+00 
   0.57700372E+01 -0.76681978E+00 -0.80199814E+00 
   0.57800374E+01 -0.76652217E+00 -0.80166930E+00 
   0.57900376E+01 -0.76621217E+00 -0.80132610E+00 
   0.58000379E+01 -0.76588982E+00 -0.80096865E+00 
   0.58100381E+01 -0.76555520E+00 -0.80059683E+00 
   0.58200383E+01 -0.76520836E+00 -0.80021077E+00 
   0.58300385E+01 -0.76484936E+00 -0.79981047E+00 
   0.58400388E+01 -0.76447833E+00 -0.79939592E+00 
   0.58500390E+01 -0.76409537E+00 -0.79896712E+00 
   0.58600392E+01 -0.76370054E+00 -0.79852414E+00 
   0.58700395E+01 -0.76329392E+00 -0.79806697E+00 
   0.58800397E+01 -0.76287562E+00 -0.79759562E+00 
   0.58900399E+01 -0.76244575E+00 -0.79711020E+00 
   0.59000401E+01 -0.76200438E+00 -0.79661065E+00 
   0.59100404E+01 -0.76155162E+00 -0.79609710E+00 
   0.59200406E+01 -0.76108760E+00 -0.79556948E+00 
   0.59300408E+01 -0.76061237E+00 -0.79502791E+00 
   0.59400411E+01 -0.76012611E+00 -0.79447246E+00 
   0.59500413E+01 -0.75962889E+00 -0.79390305E+00 
   0.59600415E+01 -0.75912082E+00 -0.79331982E+00 
   0.59700418E+01 -0.75860202E+00 -0.79272282E+00 
   0.59800420E+01 -0.75807261E+00 -0.79211205E+00 
   0.59900422E+01 -0.75753272E+00 -0.79148763E+00 
   0.60000424E+01 -0.75698245E+00 -0.79084963E+00 
   0.60100427E+01 -0.75642198E+00 -0.79019809E+00 
   0.60200429E+01 -0.75585133E+00 -0.78953302E+00 
   0.60300431E+01 -0.75527078E+00 -0.78885460E+00 
   0.60400434E+01 -0.75468034E+00 -0.78816289E+00 
   0.60500436E+01 -0.75408018E+00 -0.78745794E+00 
   0.60600438E+01 -0.75347048E+00 -0.78673983E+00 
   0.60700440E+01 -0.75285131E+00 -0.78600872E+00 
   0.60800443E+01 -0.75222290E+00 -0.78526467E+00 
   0.60900445E+01 -0.75158530E+00 -0.78450775E+00 
   0.61000447E+01 -0.75093877E+00 -0.78373814E+00 
   0.61100450E+01 -0.75028336E+00 -0.78295594E+00 
   0.61200452E+01 -0.74961931E+00 -0.78216124E+00 
   0.61300454E+01 -0.74894673E+00 -0.78135413E+00 
   0.61400456E+01 -0.74826574E+00 -0.78053486E+00 
   0.61500459E+01 -0.74757665E+00 -0.77970344E+00 
   0.61600461E+01 -0.74687946E+00 -0.77886009E+00 
   0.61700463E+01 -0.74617440E+00 -0.77800488E+00 
   0.61800466E+01 -0.74546164E+00 -0.77713805E+00 
   0.61900468E+01 -0.74474138E+00 -0.77625966E+00 
   0.62000470E+01 -0.74401373E+00 -0.77537000E+00 
   0.62100472E+01 -0.74327892E+00 -0.77446908E+00 
   0.62200475E+01 -0.74253714E+00 -0.77355713E+00 
   0.62300477E+01 -0.74178851E+00 -0.77263439E+00 
   0.62400479E+01 -0.74103326E+00 -0.77170092E+00 
   0.62500482E+01 -0.74027151E+00 -0.77075702E+00 
   0.62600484E+01 -0.73950350E+00 -0.76980275E+00 
   0.62700486E+01 -0.73872942E+00 -0.76883841E+00 
   0.62800488E+01 -0.73794943E+00 -0.76786417E+00 
   0.62900491E+01 -0.73716372E+00 -0.76688015E+00 
   0.63000493E+01 -0.73637247E+00 -0.76588672E+00 
   0.63100495E+01 -0.73557591E+00 -0.76488394E+00 
   0.63200498E+01 -0.73477423E+00 -0.76387209E+00 
   0.63300500E+01 -0.73396766E+00 -0.76285136E+00 
   0.63400502E+01 -0.73315626E+00 -0.76182199E+00 
   0.63500504E+01 -0.73234040E+00 -0.76078427E+00 
   0.63600507E+01 -0.73152018E+00 -0.75973833E+00 
   0.63700509E+01 -0.73069584E+00 -0.75868446E+00 
   0.63800511E+01 -0.72986752E+00 -0.75762284E+00 
   0.63900514E+01 -0.72903550E+00 -0.75655383E+00 
   0.64000516E+01 -0.72819996E+00 -0.75547761E+00 
   0.64100518E+01 -0.72736114E+00 -0.75439441E+00 
   0.64200521E+01 -0.72651917E+00 -0.75330454E+00 
   0.64300523E+01 -0.72567427E+00 -0.75220823E+00 
   0.64400525E+01 -0.72482669E+00 -0.75110573E+00 
   0.64500527E+01 -0.72397667E+00 -0.74999732E+00 
   0.64600530E+01 -0.72312433E+00 -0.74888331E+00 
   0.64700532E+01 -0.72226995E+00 -0.74776387E+00 
   0.64800534E+01 -0.72141367E+00 -0.74663943E+00 
   0.64900537E+01 -0.72055578E+00 -0.74551016E+00 
   0.65000539E+01 -0.71969652E+00 -0.74437636E+00 
   0.65100541E+01 -0.71883595E+00 -0.74323833E+00 
   0.65200543E+01 -0.71797448E+00 -0.74209636E+00 
   0.65300546E+01 -0.71711212E+00 -0.74095076E+00 
   0.65400548E+01 -0.71624929E+00 -0.73980182E+00 
   0.65500550E+01 -0.71538603E+00 -0.73864985E+00 
   0.65600553E+01 -0.71452266E+00 -0.73749506E+00 
   0.65700555E+01 -0.71365941E+00 -0.73633790E+00 
   0.65800557E+01 -0.71279639E+00 -0.73517859E+00 
   0.65900559E+01 -0.71193391E+00 -0.73401749E+00 
   0.66000562E+01 -0.71107215E+00 -0.73285484E+00 
   0.66100564E+01 -0.71021134E+00 -0.73169100E+00 
   0.66200566E+01 -0.70935166E+00 -0.73052633E+00 
   0.66300569E+01 -0.70849335E+00 -0.72936106E+00 
   0.66400571E+01 -0.70763671E+00 -0.72819555E+00 
   0.66500573E+01 -0.70678180E+00 -0.72703016E+00 
   0.66600575E+01 -0.70592898E+00 -0.72586519E+00 
   0.66700578E+01 -0.70507836E+00 -0.72470093E+00 
   0.66800580E+01 -0.70423019E+00 -0.72353774E+00 
   0.66900582E+01 -0.70338476E+00 -0.72237593E+00 
   0.67000585E+01 -0.70254219E+00 -0.72121590E+00 
   0.67100587E+01 -0.70170271E+00 -0.72005790E+00 
   0.67200589E+01 -0.70086658E+00 -0.71890229E+00 
   0.67300591E+01 -0.70003396E+00 -0.71774942E+00 
   0.67400594E+01 -0.69920510E+00 -0.71659964E+00 
   0.67500596E+01 -0.69838017E+00 -0.71545321E+00 
   0.67600598E+01 -0.69755948E+00 -0.71431053E+00 
   0.67700601E+01 -0.69674313E+00 -0.71317190E+00 
   0.67800603E+01 -0.69593138E+00 -0.71203774E+00 
   0.67900605E+01 -0.69512445E+00 -0.71090829E+00 
   0.68000607E+01 -0.69432253E+00 -0.70978391E+00 
   0.68100610E+01 -0.69352579E+00 -0.70866495E+00 
   0.68200612E+01 -0.69273454E+00 -0.70755172E+00 
   0.68300614E+01 -0.69194889E+00 -0.70644462E+00 
   0.68400617E+01 -0.69116908E+00 -0.70534396E+00 
   0.68500619E+01 -0.69039536E+00 -0.70425004E+00 
   0.68600621E+01 -0.68962783E+00 -0.70316315E+00 
   0.68700624E+01 -0.68886673E+00 -0.70208377E+00 
   0.68800626E+01 -0.68811232E+00 -0.70101213E+00 
   0.68900628E+01 -0.68736476E+00 -0.69994855E+00 
   0.69000630E+01 -0.68662417E+00 -0.69889343E+00 
   0.69100633E+01 -0.68589085E+00 -0.69784701E+00 
   0.69200635E+01 -0.68516499E+00 -0.69680971E+00 
   0.69300637E+01 -0.68444669E+00 -0.69578177E+00 
   0.69400640E+01 -0.68373621E+00 -0.69476360E+00 
   0.69500642E+01 -0.68303370E+00 -0.69375545E+00 
   0.69600644E+01 -0.68233943E+00 -0.69275761E+00 
   0.69700646E+01 -0.68165350E+00 -0.69177049E+00 
   0.69800649E+01 -0.68097609E+00 -0.69079435E+00 
   0.69900651E+01 -0.68030739E+00 -0.68982953E+00 
   0.70000653E+01 -0.67964762E+00 -0.68887633E+00 
   0.70100656E+01 -0.67899686E+00 -0.68793499E+00 
   0.70200658E+01 -0.67835540E+00 -0.68700588E+00 
   0.70300660E+01 -0.67772335E+00 -0.68608934E+00 
   0.70400662E+01 -0.67710090E+00 -0.68518555E+00 
   0.70500665E+01 -0.67648822E+00 -0.68429494E+00 
   0.70600667E+01 -0.67588538E+00 -0.68341768E+00 
   0.70700669E+01 -0.67529267E+00 -0.68255407E+00 
   0.70800672E+01 -0.67471015E+00 -0.68170446E+00 
   0.70900674E+01 -0.67413807E+00 -0.68086910E+00 
   0.71000676E+01 -0.67357653E+00 -0.68004829E+00 
   0.71100678E+01 -0.67302567E+00 -0.67924225E+00 
   0.71200681E+01 -0.67248565E+00 -0.67845124E+00 
   0.71300683E+01 -0.67195660E+00 -0.67767555E+00 
   0.71400685E+01 -0.67143869E+00 -0.67691547E+00 
   0.71500688E+01 -0.67093199E+00 -0.67617118E+00 
   0.71600690E+01 -0.67043680E+00 -0.67544299E+00 
   0.71700692E+01 -0.66995311E+00 -0.67473114E+00 
   0.71800694E+01 -0.66948104E+00 -0.67403585E+00 
   0.71900697E+01 -0.66902083E+00 -0.67335731E+00 
   0.72000699E+01 -0.66857249E+00 -0.67269588E+00 
   0.72100701E+01 -0.66813624E+00 -0.67205161E+00 
   0.72200704E+01 -0.66771209E+00 -0.67142487E+00 
   0.72300706E+01 -0.66730028E+00 -0.67081577E+00 
   0.72400708E+01 -0.66690081E+00 -0.67022455E+00 
   0.72500710E+01 -0.66651386E+00 -0.66965145E+00 
   0.72600713E+01 -0.66613948E+00 -0.66909665E+00 
   0.72700715E+01 -0.66577786E+00 -0.66856027E+00 
   0.72800717E+01 -0.66542900E+00 -0.66804260E+00 
   0.72900720E+01 -0.66509300E+00 -0.66754371E+00 
   0.73000722E+01 -0.66477007E+00 -0.66706383E+00 
   0.73100724E+01 -0.66446018E+00 -0.66660321E+00 
   0.73200727E+01 -0.66416347E+00 -0.66616184E+00 
   0.73300729E+01 -0.66387999E+00 -0.66573995E+00 
   0.73400731E+01 -0.66360980E+00 -0.66533774E+00 
   0.73500733E+01 -0.66335303E+00 -0.66495526E+00 
   0.73600736E+01 -0.66310972E+00 -0.66459274E+00 
   0.73700738E+01 -0.66287994E+00 -0.66425020E+00 
   0.73800740E+01 -0.66266376E+00 -0.66392785E+00 
   0.73900743E+01 -0.66246128E+00 -0.66362572E+00 
   0.74000745E+01 -0.66227245E+00 -0.66334397E+00 
   0.74100747E+01 -0.66209739E+00 -0.66308266E+00 
   0.74200749E+01 -0.66193616E+00 -0.66284198E+00 
   0.74300752E+01 -0.66178882E+00 -0.66262186E+00 
   0.74400754E+01 -0.66165531E+00 -0.66242248E+00 
   0.74500756E+01 -0.66153574E+00 -0.66224390E+00 
   0.74600759E+01 -0.66143018E+00 -0.66208619E+00 
   0.74700761E+01 -0.66133857E+00 -0.66194940E+00 
   0.74800763E+01 -0.66126102E+00 -0.66183352E+00 
   0.74900765E+01 -0.66119748E+00 -0.66173863E+00 
   0.75000768E+01 -0.66114801E+00 -0.66166478E+00 
   0.75100770E+01 -0.66111261E+00 -0.66161197E+00 
   0.75200772E+01 -0.66109127E+00 -0.66158026E+00 
   0.75300775E+01 -0.66108400E+00 -0.66156960E+00 
   0.75400777E+01 -0.66108286E+00 -0.66157264E+00 
   0.75500779E+01 -0.66108257E+00 -0.66158462E+00 
   0.75600781E+01 -0.66108310E+00 -0.66160548E+00 
   0.75700784E+01 -0.66108447E+00 -0.66163522E+00 
   0.75800786E+01 -0.66108662E+00 -0.66167372E+00 
   0.75900788E+01 -0.66108966E+00 -0.66172093E+00 
   0.76000791E+01 -0.66109347E+00 -0.66177684E+00 
   0.76100793E+01 -0.66109806E+00 -0.66184133E+00 
   0.76200795E+01 -0.66110349E+00 -0.66191435E+00 
   0.76300797E+01 -0.66110969E+00 -0.66199571E+00 
   0.76400800E+01 -0.66111666E+00 -0.66208541E+00 
   0.76500802E+01 -0.66112441E+00 -0.66218323E+00 
   0.76600804E+01 -0.66113287E+00 -0.66228908E+00 
   0.76700807E+01 -0.66114205E+00 -0.66240287E+00 
   0.76800809E+01 -0.66115195E+00 -0.66252434E+00 
   0.76900811E+01 -0.66116256E+00 -0.66265339E+00 
   0.77000813E+01 -0.66117382E+00 -0.66278982E+00 
   0.77100816E+01 -0.66118574E+00 -0.66293347E+00 
   0.77200818E+01 -0.66119826E+00 -0.66308421E+00 
   0.77300820E+01 -0.66121143E+00 -0.66324174E+00 
   0.77400823E+01 -0.66122514E+00 -0.66340595E+00 
   0.77500825E+01 -0.66123950E+00 -0.66357654E+00 
   0.77600827E+01 -0.66125435E+00 -0.66375339E+00 
   0.77700830E+01 -0.66126972E+00 -0.66393626E+00 
   0.77800832E+01 -0.66128564E+00 -0.66412491E+00 
   0.77900834E+01 -0.66130197E+00 -0.66431910E+00 
   0.78000836E+01 -0.66131878E+00 -0.66451859E+00 
   0.78100839E+01 -0.66133606E+00 -0.66472322E+00 
   0.78200841E+01 -0.66135371E+00 -0.66493267E+00 
   0.78300843E+01 -0.66137171E+00 -0.66514671E+00 
   0.78400846E+01 -0.66139013E+00 -0.66536516E+00 
   0.78500848E+01 -0.66140884E+00 -0.66558766E+00 
   0.78600850E+01 -0.66142786E+00 -0.66581410E+00 
   0.78700852E+01 -0.66144717E+00 -0.66604418E+00 
   0.78800855E+01 -0.66146672E+00 -0.66627765E+00 
   0.78900857E+01 -0.66148651E+00 -0.66651422E+00 
   0.79000859E+01 -0.66150653E+00 -0.66675371E+00 
   0.79100862E+01 -0.66152674E+00 -0.66699588E+00 
   0.79200864E+01 -0.66154712E+00 -0.66724038E+00 
   0.79300866E+01 -0.66156769E+00 -0.66748708E+00 
   0.79400868E+01 -0.66158831E+00 -0.66773576E+00 
   0.79500871E+01 -0.66160905E+00 -0.66798604E+00 
   0.79600873E+01 -0.66162992E+00 -0.66823781E+00 
   0.79700875E+01 -0.66165084E+00 -0.66849077E+00 
   0.79800878E+01 -0.66167176E+00 -0.66874468E+00 
   0.79900880E+01 -0.66169274E+00 -0.66899937E+00 
   0.80000877E+01 -0.66171366E+00 -0.66925454E+00 
   0.80100880E+01 -0.66173464E+00 -0.66951001E+00 
   0.80200882E+01 -0.66175550E+00 -0.66976559E+00 
   0.80300884E+01 -0.66177636E+00 -0.67002100E+00 
   0.80400887E+01 -0.66179717E+00 -0.67027605E+00 
   0.80500889E+01 -0.66181785E+00 -0.67053050E+00 
   0.80600891E+01 -0.66183847E+00 -0.67078412E+00 
   0.80700893E+01 -0.66185892E+00 -0.67103684E+00 
   0.80800896E+01 -0.66187924E+00 -0.67128831E+00 
   0.80900898E+01 -0.66189945E+00 -0.67153841E+00 
   0.81000900E+01 -0.66191947E+00 -0.67178696E+00 
   0.81100903E+01 -0.66193926E+00 -0.67203367E+00 
   0.81200905E+01 -0.66195887E+00 -0.67227852E+00 
   0.81300907E+01 -0.66197830E+00 -0.67252117E+00 
   0.81400909E+01 -0.66199750E+00 -0.67276150E+00 
   0.81500912E+01 -0.66201645E+00 -0.67299938E+00 
   0.81600914E+01 -0.66203517E+00 -0.67323464E+00 
   0.81700916E+01 -0.66205359E+00 -0.67346704E+00 
   0.81800919E+01 -0.66207176E+00 -0.67369646E+00 
   0.81900921E+01 -0.66208965E+00 -0.67392278E+00 
   0.82000923E+01 -0.66210723E+00 -0.67414582E+00 
   0.82100925E+01 -0.66212451E+00 -0.67436540E+00 
   0.82200928E+01 -0.66214150E+00 -0.67458147E+00 
   0.82300930E+01 -0.66215813E+00 -0.67479384E+00 
   0.82400932E+01 -0.66217440E+00 -0.67500234E+00 
   0.82500935E+01 -0.66219038E+00 -0.67520684E+00 
   0.82600937E+01 -0.66220599E+00 -0.67540729E+00 
   0.82700939E+01 -0.66222125E+00 -0.67560351E+00 
   0.82800941E+01 -0.66223609E+00 -0.67579538E+00 
   0.82900944E+01 -0.66225064E+00 -0.67598283E+00 
   0.83000946E+01 -0.66226476E+00 -0.67616570E+00 
   0.83100948E+01 -0.66227847E+00 -0.67634392E+00 
   0.83200951E+01 -0.66229182E+00 -0.67651743E+00 
   0.83300953E+01 -0.66230476E+00 -0.67668599E+00 
   0.83400955E+01 -0.66231734E+00 -0.67684966E+00 
   0.83500957E+01 -0.66232944E+00 -0.67700827E+00 
   0.83600960E+01 -0.66234112E+00 -0.67716175E+00 
   0.83700962E+01 -0.66235244E+00 -0.67731005E+00 
   0.83800964E+01 -0.66236329E+00 -0.67745304E+00 
   0.83900967E+01 -0.66237372E+00 -0.67759061E+00 
   0.84000969E+01 -0.66238374E+00 -0.67772281E+00 
   0.84100971E+01 -0.66239333E+00 -0.67784947E+00 
   0.84200974E+01 -0.66240245E+00 -0.67797059E+00 
   0.84300976E+01 -0.66241109E+00 -0.67808610E+00 
   0.84400978E+01 -0.66241938E+00 -0.67819589E+00 
   0.84500980E+01 -0.66242713E+00 -0.67829996E+00 
   0.84600983E+01 -0.66243446E+00 -0.67839819E+00 
   0.84700985E+01 -0.66244137E+00 -0.67849064E+00 
   0.84800987E+01 -0.66244775E+00 -0.67857713E+00 
   0.84900990E+01 -0.66245371E+00 -0.67865777E+00 
   0.85000992E+01 -0.66245925E+00 -0.67873240E+00 
   0.85100994E+01 -0.66246426E+00 -0.67880100E+00 
   0.85200996E+01 -0.66246885E+00 -0.67886358E+00 
   0.85300999E+01 -0.66247296E+00 -0.67892015E+00 
   0.85401001E+01 -0.66247660E+00 -0.67897058E+00 
   0.85501003E+01 -0.66247982E+00 -0.67901492E+00 
   0.85601006E+01 -0.66248250E+00 -0.67905307E+00 
   0.85701008E+01 -0.66248471E+00 -0.67908514E+00 
   0.85801010E+01 -0.66248649E+00 -0.67911100E+00 
   0.85901012E+01 -0.66248780E+00 -0.67913067E+00 
   0.86001015E+01 -0.66248858E+00 -0.67914414E+00 
   0.86101017E+01 -0.66248894E+00 -0.67915148E+00 
   0.86201019E+01 -0.66248900E+00 -0.67915314E+00 
   0.86301022E+01 -0.66249120E+00 -0.67916000E+00 
   0.86401024E+01 -0.66249645E+00 -0.67917603E+00 
   0.86501026E+01 -0.66250479E+00 -0.67920125E+00 
   0.86601028E+01 -0.66251618E+00 -0.67923558E+00 
   0.86701031E+01 -0.66253054E+00 -0.67927897E+00 
   0.86801033E+01 -0.66254795E+00 -0.67933142E+00 
   0.86901035E+01 -0.66256839E+00 -0.67939287E+00 
   0.87001038E+01 -0.66259176E+00 -0.67946339E+00 
   0.87101040E+01 -0.66261816E+00 -0.67954284E+00 
   0.87201042E+01 -0.66264743E+00 -0.67963123E+00 
   0.87301044E+01 -0.66267967E+00 -0.67972845E+00 
   0.87401047E+01 -0.66271484E+00 -0.67983454E+00 
   0.87501049E+01 -0.66275287E+00 -0.67994940E+00 
   0.87601051E+01 -0.66279376E+00 -0.68007302E+00 
   0.87701054E+01 -0.66283751E+00 -0.68020535E+00 
   0.87801056E+01 -0.66288412E+00 -0.68034625E+00 
   0.87901058E+01 -0.66293347E+00 -0.68049580E+00 
   0.88001060E+01 -0.66298568E+00 -0.68065387E+00 
   0.88101063E+01 -0.66304064E+00 -0.68082035E+00 
   0.88201065E+01 -0.66309834E+00 -0.68099529E+00 
   0.88301067E+01 -0.66315877E+00 -0.68117851E+00 
   0.88401070E+01 -0.66322196E+00 -0.68137002E+00 
   0.88501072E+01 -0.66328782E+00 -0.68156970E+00 
   0.88601074E+01 -0.66335636E+00 -0.68177748E+00 
   0.88701077E+01 -0.66342753E+00 -0.68199325E+00 
   0.88801079E+01 -0.66350132E+00 -0.68221700E+00 
   0.88901081E+01 -0.66357768E+00 -0.68244857E+00 
   0.89001083E+01 -0.66365665E+00 -0.68268794E+00 
   0.89101086E+01 -0.66373807E+00 -0.68293488E+00 
   0.89201088E+01 -0.66382205E+00 -0.68318945E+00 
   0.89301090E+01 -0.66390848E+00 -0.68345147E+00 
   0.89401093E+01 -0.66399735E+00 -0.68372083E+00 
   0.89501095E+01 -0.66408867E+00 -0.68399745E+00 
   0.89601097E+01 -0.66418231E+00 -0.68428117E+00 
   0.89701099E+01 -0.66427827E+00 -0.68457198E+00 
   0.89801102E+01 -0.66437656E+00 -0.68486971E+00 
   0.89901104E+01 -0.66447711E+00 -0.68517429E+00 
   0.90001106E+01 -0.66457987E+00 -0.68548548E+00 
   0.90101109E+01 -0.66468483E+00 -0.68580335E+00 
   0.90201111E+01 -0.66479200E+00 -0.68612766E+00 
   0.90301113E+01 -0.66490126E+00 -0.68645829E+00 
   0.90401115E+01 -0.66501260E+00 -0.68679518E+00 
   0.90501118E+01 -0.66512603E+00 -0.68713820E+00 
   0.90601120E+01 -0.66524148E+00 -0.68748713E+00 
   0.90701122E+01 -0.66535890E+00 -0.68784195E+00 
   0.90801125E+01 -0.66547829E+00 -0.68820250E+00 
   0.90901127E+01 -0.66559964E+00 -0.68856865E+00 
   0.91001129E+01 -0.66572279E+00 -0.68894023E+00 
   0.91101131E+01 -0.66584778E+00 -0.68931711E+00 
   0.91201134E+01 -0.66597462E+00 -0.68969923E+00 
   0.91301136E+01 -0.66610312E+00 -0.69008636E+00 
   0.91401138E+01 -0.66623342E+00 -0.69047838E+00 
   0.91501141E+01 -0.66636533E+00 -0.69087517E+00 
   0.91601143E+01 -0.66649884E+00 -0.69127655E+00 
   0.91701145E+01 -0.66663396E+00 -0.69168240E+00 
   0.91801147E+01 -0.66677064E+00 -0.69209260E+00 
   0.91901150E+01 -0.66690874E+00 -0.69250691E+00 
   0.92001152E+01 -0.66704834E+00 -0.69292521E+00 
   0.92101154E+01 -0.66718930E+00 -0.69334739E+00 
   0.92201157E+01 -0.66733164E+00 -0.69377327E+00 
   0.92301159E+01 -0.66747522E+00 -0.69420272E+00 
   0.92401161E+01 -0.66762012E+00 -0.69463551E+00 
   0.92501163E+01 -0.66776615E+00 -0.69507158E+00 
   0.92601166E+01 -0.66791338E+00 -0.69551069E+00 
   0.92701168E+01 -0.66806173E+00 -0.69595271E+00 
   0.92801170E+01 -0.66821110E+00 -0.69639754E+00 
   0.92901173E+01 -0.66836149E+00 -0.69684494E+00 
   0.93001175E+01 -0.66851276E+00 -0.69729471E+00 
   0.93101177E+01 -0.66866505E+00 -0.69774681E+00 
   0.93201180E+01 -0.66881812E+00 -0.69820106E+00 
   0.93301182E+01 -0.66897202E+00 -0.69865721E+00 
   0.93401184E+01 -0.66912663E+00 -0.69911516E+00 
   0.93501186E+01 -0.66928196E+00 -0.69957477E+00 
   0.93601189E+01 -0.66943794E+00 -0.70003581E+00 
   0.93701191E+01 -0.66959459E+00 -0.70049822E+00 
   0.93801193E+01 -0.66975170E+00 -0.70096177E+00 
   0.93901196E+01 -0.66990936E+00 -0.70142627E+00 
   0.94001198E+01 -0.67006743E+00 -0.70189166E+00 
   0.94101200E+01 -0.67022592E+00 -0.70235771E+00 
   0.94201202E+01 -0.67038476E+00 -0.70282429E+00 
   0.94301205E+01 -0.67054385E+00 -0.70329118E+00 
   0.94401207E+01 -0.67070323E+00 -0.70375836E+00 
   0.94501209E+01 -0.67086279E+00 -0.70422554E+00 
   0.94601212E+01 -0.67102247E+00 -0.70469260E+00 
   0.94701214E+01 -0.67118227E+00 -0.70515943E+00 
   0.94801216E+01 -0.67134213E+00 -0.70562589E+00 
   0.94901218E+01 -0.67150193E+00 -0.70609176E+00 
   0.95001221E+01 -0.67166173E+00 -0.70655692E+00 
   0.95101223E+01 -0.67182142E+00 -0.70702118E+00 
   0.95201225E+01 -0.67198092E+00 -0.70748448E+00 
   0.95301228E+01 -0.67214024E+00 -0.70794666E+00 
   0.95401230E+01 -0.67229933E+00 -0.70840752E+00 
   0.95501232E+01 -0.67245811E+00 -0.70886695E+00 
   0.95601234E+01 -0.67261654E+00 -0.70932484E+00 
   0.95701237E+01 -0.67277461E+00 -0.70978099E+00 
   0.95801239E+01 -0.67293221E+00 -0.71023530E+00 
   0.95901241E+01 -0.67308939E+00 -0.71068758E+00 
   0.96001244E+01 -0.67324597E+00 -0.71113777E+00 
   0.96101246E+01 -0.67340201E+00 -0.71158570E+00 
   0.96201248E+01 -0.67355740E+00 -0.71203125E+00 
   0.96301250E+01 -0.67371219E+00 -0.71247429E+00 
   0.96401253E+01 -0.67386621E+00 -0.71291465E+00 
   0.96501255E+01 -0.67401952E+00 -0.71335226E+00 
   0.96601257E+01 -0.67417204E+00 -0.71378696E+00 
   0.96701260E+01 -0.67432368E+00 -0.71421868E+00 
   0.96801262E+01 -0.67447448E+00 -0.71464723E+00 
   0.96901264E+01 -0.67462432E+00 -0.71507251E+00 
   0.97001266E+01 -0.67477322E+00 -0.71549445E+00 
   0.97101269E+01 -0.67492110E+00 -0.71591288E+00 
   0.97201271E+01 -0.67506796E+00 -0.71632773E+00 
   0.97301273E+01 -0.67521369E+00 -0.71673882E+00 
   0.97401276E+01 -0.67535830E+00 -0.71714610E+00 
   0.97501278E+01 -0.67550170E+00 -0.71754944E+00 
   0.97601280E+01 -0.67564392E+00 -0.71794879E+00 
   0.97701283E+01 -0.67578489E+00 -0.71834391E+00 
   0.97801285E+01 -0.67592454E+00 -0.71873486E+00 
   0.97901287E+01 -0.67606288E+00 -0.71912146E+00 
   0.98001289E+01 -0.67619985E+00 -0.71950358E+00 
   0.98101292E+01 -0.67633539E+00 -0.71988118E+00 
   0.98201294E+01 -0.67646945E+00 -0.72025418E+00 
   0.98301296E+01 -0.67660207E+00 -0.72062242E+00 
   0.98401299E+01 -0.67673314E+00 -0.72098583E+00 
   0.98501301E+01 -0.67686266E+00 -0.72134441E+00 
   0.98601303E+01 -0.67699063E+00 -0.72169799E+00 
   0.98701305E+01 -0.67711687E+00 -0.72204643E+00 
   0.98801308E+01 -0.67724150E+00 -0.72238982E+00 
   0.98901310E+01 -0.67736447E+00 -0.72272795E+00 
   0.99001312E+01 -0.67748564E+00 -0.72306079E+00 
   0.99101315E+01 -0.67760503E+00 -0.72338820E+00 
   0.99201317E+01 -0.67772263E+00 -0.72371018E+00 
   0.99301319E+01 -0.67783844E+00 -0.72402668E+00 
   0.99401321E+01 -0.67795235E+00 -0.72433758E+00 
   0.99501324E+01 -0.67806435E+00 -0.72464281E+00 
   0.99601326E+01 -0.67817444E+00 -0.72494233E+00 
   0.99701328E+01 -0.67828256E+00 -0.72523606E+00 
   0.99801331E+01 -0.67838866E+00 -0.72552395E+00 
   0.99901333E+01 -0.67849278E+00 -0.72580594E+00 
   0.10000134E+02 -0.67859483E+00 -0.72608203E+00 
