LIN1 STPM 'Новая задача'
LIN2 'newmodel'
BL14 NPDS  NTIP   LX  LY  LZ  UX  UY  UZ
@ 'body'
   1   101   1   1   1   3   3   3
@ 'larm1'
   2   102   1   1   1   3   3   3
@ 'larm2'
   3   103   1   1   1   3   3   3
@ 'body1'
   7   104   1   1   1   3   3   3
@ 'lleg1'
   8   105   1   1   1   3   3   3
@ 'lleg2'
   9   106   1   1   1   3   3   3
@ 'lleg3'
   10   107   1   1   1   3   3   3
@ 'lleg4'
   11   108   1   1   1   3   3   3
@ 'lkr1'
   12   109   1   1   1   3   3   3
@ 'lkr2'
   13   110   1   1   1   3   3   3
@ 'pleg1'
   14   111   1   1   1   3   3   3
@ 'pkr1'
   15   112   1   1   1   3   3   3
@ 'pleg2'
   16   113   1   1   1   3   3   3
@ 'pleg3'
   17   114   1   1   1   3   3   3
@ 'pkr2'
   18   115   1   1   1   3   3   3
@ 'pleg4'
   19   116   1   1   1   3   3   3
@ 'parm1'
   20   117   1   1   1   3   3   3
@ 'parm2'
   21   118   1   1   1   3   3   3
@ 'neck'
   25   119   1   1   1   3   3   3
@ 'neck1'
   26   120   1   1   1   3   3   3
@ 'kr3'
   27   121   1   1   1   3   3   3
@ 'head'
   28   122   1   1   1   3   3   3
@ 'земля'
   29   123   0   0   0   0   0   0
@ 'тело программатор'
   30   124   1   1   1   3   3   3
@ 'левая вспомогательная нога'
   31   125   1   1   1   3   3   3
@ 'правая вспомогательная нога'
   32   126   1   1   1   3   3   3
@ 'маркер точки равнодействующей'
   33   127   1   1   1   3   3   3
@ 'задатчик перемещения корпуса'
   34   128   1   1   1   3   3   3
@   'земля'
      35      535    0   0   0   0   0   0
@   'подсистема передачи координат точек'
     501       33    0   0   0   0   0   0
@   'фиктивное звено'
     502    111   0   0   0   0   0   0
@   'подсистема траектории'
     503       34    0   0   0   0   0   0
@   'фиктивное звено'
     504    111   0   0   0   0   0   0
@   'земля'
      36      336    0   0   0   0   0   0
@   'подсистема траектории'
     505       36    0   0   0   0   0   0
@   'фиктивное звено'
     506    111   0   0   0   0   0   0
@   'фиктивное звено'
     507    111   0   0   0   0   0   0
@   'блок запоминания координат'
     508       38    0   0   0   0   0   0
@   'фиктивное звено'
     509    111   0   0   0   0   0   0
@   'блок запоминания координат'
     510       39    0   0   0   0   0   0
@   'фиктивное звено'
     511    111   0   0   0   0   0   0
@   'блок запоминания координат'
     512       40    0   0   0   0   0   0
@   'фиктивное звено'
     513    111   0   0   0   0   0   0
@   'земля'
      37      337    0   0   0   0   0   0
@   'подсистема траектории'
     514       41    0   0   0   0   0   0
@   'фиктивное звено'
     515    111   0   0   0   0   0   0
@   'фиктивное звено'
     516    111   0   0   0   0   0   0
@   'блок запоминания координат'
     517       43    0   0   0   0   0   0
@   'фиктивное звено'
     518    111   0   0   0   0   0   0
@   'блок запоминания координат'
     519       44    0   0   0   0   0   0
@   'фиктивное звено'
     520    111   0   0   0   0   0   0
@   'блок запоминания координат'
     521       45    0   0   0   0   0   0
@   'фиктивное звено'
     522    111   0   0   0   0   0   0
@   'земля'
      38      338    0   0   0   0   0   0
@   'подсистема траектории'
     523       46    0   0   0   0   0   0
@   'фиктивное звено'
     524    111   0   0   0   0   0   0
@   'фиктивное звено'
     525    111   0   0   0   0   0   0
@   'блок запоминания координат'
     526       48    0   0   0   0   0   0
@   'фиктивное звено'
     527    111   0   0   0   0   0   0
@   'блок запоминания координат'
     528       49    0   0   0   0   0   0
@   'фиктивное звено'
     529    111   0   0   0   0   0   0
@   'блок запоминания координат'
     530       50    0   0   0   0   0   0
@   'фиктивное звено'
     531    111   0   0   0   0   0   0
@   'земля'
      39      339    0   0   0   0   0   0
@   'подсистема траектории'
     532       51    0   0   0   0   0   0
@   'фиктивное звено'
     533    111   0   0   0   0   0   0
@   'фиктивное звено'
     534    111   0   0   0   0   0   0
@   'блок запоминания координат'
     535       53    0   0   0   0   0   0
@   'фиктивное звено'
     536    111   0   0   0   0   0   0
@   'блок запоминания координат'
     537       54    0   0   0   0   0   0
@   'фиктивное звено'
     538    111   0   0   0   0   0   0
@   'блок запоминания координат'
     539       55    0   0   0   0   0   0
@   'фиктивное звено'
     540    111   0   0   0   0   0   0
@   'земля'
      40      540    0   0   0   0   0   0
@   'подсистема передачи координат точек'
     541       56    0   0   0   0   0   0
@   'фиктивное звено'
     542    111   0   0   0   0   0   0
@   'подсистема траектории'
     543       57    0   0   0   0   0   0
@   'фиктивное звено'
     544    111   0   0   0   0   0   0
@   'земля'
      41      541    0   0   0   0   0   0
@   'подсистема передачи координат точек'
     545       59    0   0   0   0   0   0
@   'фиктивное звено'
     546    111   0   0   0   0   0   0
@   'подсистема траектории'
     547       60    0   0   0   0   0   0
@   'фиктивное звено'
     548    111   0   0   0   0   0   0
@   'земля'
      42      542    0   0   0   0   0   0
@   'подсистема передачи координат точек'
     549       62    0   0   0   0   0   0
@   'фиктивное звено'
     550    111   0   0   0   0   0   0
@   'подсистема траектории'
     551       63    0   0   0   0   0   0
@   'фиктивное звено'
     552    111   0   0   0   0   0   0
@   'земля'
      43      343    0   0   0   0   0   0
@   'подсистема траектории'
     553       65    0   0   0   0   0   0
@   'фиктивное звено'
     554    111   0   0   0   0   0   0
@   'фиктивное звено'
     555    111   0   0   0   0   0   0
@   'блок запоминания координат'
     556       67    0   0   0   0   0   0
@   'фиктивное звено'
     557    111   0   0   0   0   0   0
@   'блок запоминания координат'
     558       68    0   0   0   0   0   0
@   'фиктивное звено'
     559    111   0   0   0   0   0   0
@   'блок запоминания координат'
     560       69    0   0   0   0   0   0
@   'фиктивное звено'
     561    111   0   0   0   0   0   0
