   1    2.510000     .015770 1200.000000    1.000000     .000000    1.000000    1.000000    1.000000
   2    2.510000     .409693 1200.000000    1.000000     .000000    1.000000    1.000000    1.000000
   3    2.510000    -.887391 3600.000000    5.000000     .000000    1.000000    1.000000    1.000000
   4    2.510000     .317111 1200.000000    1.000000     .000000    1.000000    1.000000    1.000000
   5    2.510000    -.016807 1200.000000    1.000000     .000000    1.000000    1.000000    1.000000
   6    2.510000     .004256 1200.000000    1.000000     .000000    1.000000    1.000000    1.000000
   7    2.510000     .018846 1200.000000    1.000000     .000000    1.000000    1.000000    1.000000
   8    2.510000     .407040 1200.000000    1.000000     .000000    1.000000    1.000000    1.000000
   9    2.510000    -.883164 3600.000000    5.000000     .000000    1.000000    1.000000    1.000000
  10    2.510000     .314701 1200.000000    1.000000     .000000    1.000000    1.000000    1.000000
  11    2.510000    -.017781 1200.000000    1.000000     .000000    1.000000    1.000000    1.000000
  12    2.510000    -.006418 1200.000000    1.000000     .000000    1.000000    1.000000    1.000000
  19    2.510000     .374509 1200.000000    1.000000     .000000    1.000000    1.000000    1.000000
  20    2.510000    1.226120 1200.000000    1.000000     .000000    1.000000    1.000000    1.000000
  35    2.510000     .356639 1200.000000    1.000000     .000000    1.000000    1.000000    1.000000
  36    2.510000    1.204058 1200.000000    1.000000     .000000    1.000000    1.000000    1.000000
  43    2.510000    -.235978 1200.000000    1.000000     .000000    1.000000    1.000000    1.000000
  44    2.510000     .214256 1200.000000    1.000000     .000000    1.000000    1.000000    1.000000
  45    2.510000    -.004403 1200.000000    1.000000     .000000    1.000000    1.000000    1.000000
  46    2.510000    -.124269 1200.000000    1.000000     .000000    1.000000    1.000000    1.000000
  49    2.510000    -.005837 1200.000000    1.000000     .000000    1.000000    1.000000    1.000000
