 TIME   4   5   6 325 326 327
     .000000     .000000     .070688     .008066    -.200801   -1.722194    -.077134
     .005000     .000000     .070688     .008066    -.200801   -1.722194    -.077134
     .010000     .000000     .070688     .008066    -.200801   -1.722194    -.077134
     .015000     .000000     .070688     .008066    -.200801   -1.722194    -.077134
     .020000     .000000     .070688     .008066    -.200801   -1.722194    -.077134
     .025000     .000000     .070688     .008066    -.200801   -1.722194    -.077134
     .030000     .000000     .070688     .008066    -.200801   -1.722194    -.077134
     .035000     .000000     .070688     .008066    -.200801   -1.722194    -.077134
     .040000     .000000     .070688     .008066    -.200801   -1.722194    -.077134
     .045000     .000000     .070688     .008066    -.200801   -1.722194    -.077134
     .050000     .000000     .070688     .008066    -.200801   -1.722194    -.077134
     .055000     .000000     .070688     .008066    -.200801   -1.722194    -.077134
     .060000     .000000     .070688     .008066    -.200801   -1.722194    -.077134
     .065000     .000000     .070688     .008066    -.200801   -1.722194    -.077134
     .070000     .000000     .070688     .008066    -.200801   -1.722194    -.077134
     .075000     .000000     .070688     .008066    -.200801   -1.722194    -.077134
     .080000     .000000     .070688     .008066    -.200801   -1.722194    -.077134
     .085000     .000000     .070688     .008066    -.200801   -1.722194    -.077134
     .090000     .000000     .070688     .008066    -.200801   -1.722194    -.077134
     .095000     .000000     .070688     .008066    -.200801   -1.722194    -.077134
     .100000     .000000     .070688     .008066    -.200801   -1.722194    -.077134
     .105000     .000000     .070688     .008066    -.200801   -1.722194    -.077134
     .110000     .000000     .070688     .008066    -.200801   -1.722194    -.077134
     .115000     .000000     .070688     .008066    -.200801   -1.722194    -.077134
     .120000     .000000     .070688     .008066    -.200801   -1.722194    -.077134
     .125000     .000000     .070688     .008066    -.200801   -1.722194    -.077134
     .130000     .000000     .070688     .008066    -.200801   -1.722194    -.077134
     .135000     .000000     .070688     .008066    -.200801   -1.722194    -.077134
     .140000     .000000     .070688     .008066    -.200801   -1.722194    -.077134
     .145000     .000000     .070688     .008066    -.200801   -1.722194    -.077134
     .150000     .000000     .070688     .008066    -.200801   -1.722194    -.077134
     .155000     .000000     .070688     .008066    -.200801   -1.722194    -.077134
     .160000     .000000     .070688     .008066    -.200801   -1.722194    -.077134
     .165000     .000000     .070688     .008066    -.200801   -1.722194    -.077134
     .170000     .000000     .070688     .008066    -.200801   -1.722194    -.077134
     .175000     .000000     .070688     .008066    -.200801   -1.722194    -.077134
     .180000     .000000     .070688     .008066    -.200801   -1.722194    -.077134
     .185000     .000000     .070688     .008066    -.200801   -1.722194    -.077134
     .190000     .000000     .070688     .008066    -.200801   -1.722194    -.077134
     .195000     .000000     .070688     .008066    -.200801   -1.722194    -.077134
     .200000     .000000     .070688     .008066    -.200801   -1.722194    -.077134
     .205000     .000000     .070688     .008066    -.200801   -1.722194    -.077134
     .210000     .000000     .070688     .008066    -.200801   -1.722194    -.077134
     .215000     .000000     .070688     .008066    -.200801   -1.722194    -.077134
     .220000     .000000     .070688     .008066    -.200801   -1.722194    -.077134
     .225000     .000000     .070688     .008066    -.200801   -1.722194    -.077134
     .230000     .000000     .070688     .008066    -.200801   -1.722194    -.077134
     .235000     .000000     .070688     .008066    -.200801   -1.722194    -.077134
     .240000     .000000     .070688     .008066    -.200801   -1.722194    -.077134
     .245000     .000000     .070688     .008066    -.200801   -1.722194    -.077134
     .250000     .000000     .070688     .008066    -.200801   -1.722194    -.077134
     .255000     .000000     .070688     .008066    -.200801   -1.722194    -.077134
     .260000     .000000     .070688     .008066    -.200801   -1.722194    -.077134
     .265000     .000000     .070688     .008066    -.200801   -1.722194    -.077134
     .270000     .000000     .070688     .008066    -.200801   -1.722194    -.077134
     .275000     .000000     .070688     .008066    -.200801   -1.722194    -.077134
     .280000     .000000     .070688     .008066    -.200801   -1.722194    -.077134
     .285000     .000000     .070688     .008066    -.200801   -1.722194    -.077134
     .290000     .000000     .070688     .008066    -.200801   -1.722194    -.077134
     .295000     .000000     .070688     .008066    -.200801   -1.722194    -.077134
     .300000     .000000     .070688     .008066    -.200801   -1.722194    -.077134
     .305000     .000000     .070688     .008066    -.200801   -1.722194    -.077134
     .310000     .000000     .070688     .008066    -.200801   -1.722194    -.077134
     .315000     .000000     .070688     .008066    -.200801   -1.722194    -.077134
     .320000     .000000     .070688     .008066    -.200801   -1.722194    -.077134
     .325000     .000000     .070688     .008066    -.200801   -1.722194    -.077134
     .330000     .000000     .070688     .008066    -.200801   -1.722194    -.077134
     .335000     .000000     .070688     .008066    -.200801   -1.722194    -.077134
     .340000     .000000     .070688     .008066    -.200801   -1.722194    -.077134
     .345000     .000000     .070688     .008066    -.200801   -1.722194    -.077134
     .350000     .000000     .070688     .008066    -.200801   -1.722194    -.077134
     .355000     .000000     .070688     .008066    -.200801   -1.722194    -.077134
     .360000     .000000     .070688     .008066    -.200801   -1.722194    -.077134
     .365000     .000000     .070688     .008066    -.200801   -1.722194    -.077134
     .370000     .000000     .070688     .008066    -.200801   -1.722194    -.077134
     .375000     .000000     .070688     .008066    -.200801   -1.722194    -.077134
     .380000     .000000     .070688     .008066    -.200801   -1.722194    -.077134
     .385000     .000000     .070688     .008066    -.200801   -1.722194    -.077134
     .390000     .000000     .070688     .008066    -.200801   -1.722194    -.077134
     .395000     .000000     .070688     .008066    -.200801   -1.722194    -.077134
     .400000     .000000     .070688     .008066    -.200801   -1.722194    -.077134
     .405000     .000000     .070688     .008066    -.200801   -1.722194    -.077134
     .410000     .000000     .070688     .008066    -.200801   -1.722194    -.077134
     .415000     .000000     .070688     .008066    -.200801   -1.722194    -.077134
     .420000     .000000     .070688     .008066    -.200801   -1.722194    -.077134
     .425000     .000000     .070688     .008066    -.200801   -1.722194    -.077134
     .430000     .000000     .070688     .008066    -.200801   -1.722194    -.077134
     .435000     .000000     .070688     .008066    -.200801   -1.722194    -.077134
     .440000     .000000     .070688     .008066    -.200801   -1.722194    -.077134
     .445000     .000000     .070688     .008066    -.200801   -1.722194    -.077134
     .450000     .000000     .070688     .008066    -.200801   -1.722194    -.077134
     .455000     .000000     .070688     .008066    -.200801   -1.722194    -.077134
     .460000     .000000     .070688     .008066    -.200801   -1.722194    -.077134
     .465000     .000000     .070688     .008066    -.200801   -1.722194    -.077134
     .470000     .000000     .070688     .008066    -.200801   -1.722194    -.077134
     .475000     .000000     .070688     .008066    -.200801   -1.722194    -.077134
     .480000     .000000     .070688     .008066    -.200801   -1.722194    -.077134
     .485000     .000000     .070688     .008066    -.200801   -1.722194    -.077134
     .490000     .000000     .070688     .008066    -.200801   -1.722194    -.077134
     .495000     .000000     .070688     .008066    -.200801   -1.722194    -.077134
     .500000     .000000     .070688     .008066    -.200801   -1.722194    -.077134
     .505000     .000000     .070688     .008066    -.200801   -1.722194    -.077134
     .510000     .000000     .070688     .008066    -.200801   -1.722194    -.077134
     .515000     .000000     .070688     .008066    -.200801   -1.722194    -.077134
     .520000     .000000     .070688     .008066    -.200801   -1.722194    -.077134
     .525000     .000000     .070688     .008066    -.200801   -1.722194    -.077134
     .530000     .000000     .070688     .008066    -.200801   -1.722194    -.077134
     .535000     .000000     .070688     .008066    -.200801   -1.722194    -.077134
     .540000     .000000     .070688     .008066    -.200801   -1.722194    -.077134
     .545000     .000000     .070688     .008066    -.200801   -1.722194    -.077134
     .550000     .000000     .070688     .008066    -.200801   -1.722194    -.077134
     .555000     .000000     .070688     .008066    -.200801   -1.722194    -.077134
     .560000     .000000     .070688     .008066    -.200801   -1.722194    -.077134
     .565000     .000000     .070688     .008066    -.200801   -1.722194    -.077134
     .570000     .000000     .070688     .008066    -.200801   -1.722194    -.077134
     .575000     .000000     .070688     .008066    -.200801   -1.722194    -.077134
     .580000     .000000     .070688     .008066    -.200801   -1.722194    -.077134
     .585000     .000000     .070688     .008066    -.200801   -1.722194    -.077134
     .590000     .000000     .070688     .008066    -.200801   -1.722194    -.077134
     .595000     .000000     .070688     .008066    -.200801   -1.722194    -.077134
     .600000     .000000     .070688     .008066    -.200801   -1.722194    -.077134
     .605000     .000000     .070688     .008066    -.200801   -1.722194    -.077134
     .610000     .000000     .070688     .008066    -.200801   -1.722194    -.077134
     .615000     .000000     .070688     .008066    -.200801   -1.722194    -.077134
     .620000     .000000     .070688     .008066    -.200801   -1.722194    -.077134
     .625000     .000000     .070688     .008066    -.200801   -1.722194    -.077134
     .630000     .000000     .070688     .008066    -.200801   -1.722194    -.077134
     .635000     .000000     .070688     .008066    -.200801   -1.722194    -.077134
     .640000     .000000     .070688     .008066    -.200801   -1.722194    -.077134
     .645000     .000000     .070688     .008066    -.200801   -1.722194    -.077134
     .650000     .000000     .070688     .008066    -.200801   -1.722194    -.077134
     .655000     .000000     .070688     .008066    -.200801   -1.722194    -.077134
     .660000     .000000     .070688     .008066    -.200801   -1.722194    -.077134
     .665000     .000000     .070688     .008066    -.200801   -1.722194    -.077134
     .670000     .000000     .070688     .008066    -.200801   -1.722194    -.077134
     .675000     .000000     .070688     .008066    -.200801   -1.722194    -.077134
     .680000     .000000     .070688     .008066    -.200801   -1.722194    -.077134
     .685000     .000000     .070688     .008066    -.200801   -1.722194    -.077134
     .690000     .000000     .070688     .008066    -.200801   -1.722194    -.077134
     .695000     .000000     .070688     .008066    -.200801   -1.722194    -.077134
     .700000     .000000     .070688     .008066    -.200801   -1.722194    -.077134
     .705000     .000000     .070688     .008066    -.200801   -1.722194    -.077134
     .710000     .000000     .070688     .008066    -.200801   -1.722194    -.077134
     .715000     .000000     .070688     .008066    -.200801   -1.722194    -.077134
     .720000     .000000     .070688     .008066    -.200801   -1.722194    -.077134
     .725000     .000000     .070688     .008066    -.200801   -1.722194    -.077134
     .730000     .000000     .070688     .008066    -.200801   -1.722194    -.077134
     .735000     .000000     .070688     .008066    -.200801   -1.722194    -.077134
     .740000     .000000     .070688     .008066    -.200801   -1.722194    -.077134
     .745000     .000000     .070688     .008066    -.200801   -1.722194    -.077134
     .750000     .000000     .070688     .008066    -.200801   -1.722194    -.077134
     .755000     .000000     .070688     .008066    -.200801   -1.722194    -.077134
     .760000     .000000     .070688     .008066    -.200801   -1.722194    -.077134
     .765000     .000000     .070688     .008066    -.200801   -1.722194    -.077134
     .770000     .000000     .070688     .008066    -.200801   -1.722194    -.077134
     .775000     .000000     .070688     .008066    -.200801   -1.722194    -.077134
     .780000     .000000     .070688     .008066    -.200801   -1.722194    -.077134
     .785000     .000000     .070688     .008066    -.200801   -1.722194    -.077134
     .790000     .000000     .070688     .008066    -.200801   -1.722194    -.077134
     .795000     .000000     .070688     .008066    -.200801   -1.722194    -.077134
     .800000     .000000     .070688     .008066    -.200801   -1.722194    -.077134
     .805000     .000000     .070688     .008066    -.200801   -1.722194    -.077134
     .810000     .000000     .070688     .008066    -.200801   -1.722194    -.077134
     .815000     .000000     .070688     .008066    -.200801   -1.722194    -.077134
     .820000     .000000     .070688     .008066    -.200801   -1.722194    -.077134
     .825000     .000000     .070688     .008066    -.200801   -1.722194    -.077134
     .830000     .000000     .070688     .008066    -.200801   -1.722194    -.077134
     .835000     .000000     .070688     .008066    -.200801   -1.722194    -.077134
     .840000     .000000     .070688     .008066    -.200801   -1.722194    -.077134
     .845000     .000000     .070688     .008066    -.200801   -1.722194    -.077134
     .850000     .000000     .070688     .008066    -.200801   -1.722194    -.077134
     .855000     .000000     .070688     .008066    -.200801   -1.722194    -.077134
     .860000     .000000     .070688     .008066    -.200801   -1.722194    -.077134
     .865000     .000000     .070688     .008066    -.200801   -1.722194    -.077134
     .870000     .000000     .070688     .008066    -.200801   -1.722194    -.077134
     .875000     .000000     .070688     .008066    -.200801   -1.722194    -.077134
     .880000     .000000     .070688     .008066    -.200801   -1.722194    -.077134
     .885000     .000000     .070688     .008066    -.200801   -1.722194    -.077134
     .890000     .000000     .070688     .008066    -.200801   -1.722194    -.077134
     .895000     .000000     .070688     .008066    -.200801   -1.722194    -.077134
     .900000     .000000     .070688     .008066    -.200801   -1.722194    -.077134
     .905000     .000000     .070688     .008066    -.200801   -1.722194    -.077134
     .910000     .000000     .070688     .008066    -.200801   -1.722194    -.077134
     .915000     .000000     .070688     .008066    -.200801   -1.722194    -.077134
     .920000     .000000     .070688     .008066    -.200801   -1.722194    -.077134
     .925000     .000000     .070688     .008066    -.200801   -1.722194    -.077134
     .930000     .000000     .070688     .008066    -.200801   -1.722194    -.077134
     .935000     .000000     .070688     .008066    -.200801   -1.722194    -.077134
     .940000     .000000     .070688     .008066    -.200801   -1.722194    -.077134
     .945000     .000000     .070688     .008066    -.200801   -1.722194    -.077134
     .950000     .000000     .070688     .008066    -.200801   -1.722194    -.077134
     .955000     .000000     .070688     .008066    -.200801   -1.722194    -.077134
     .960000     .000000     .070688     .008066    -.200801   -1.722194    -.077134
     .965000     .000000     .070688     .008066    -.200801   -1.722194    -.077134
     .970000     .000000     .070688     .008066    -.200801   -1.722194    -.077134
     .975000     .000000     .070688     .008066    -.200801   -1.722194    -.077134
     .980000     .000000     .070688     .008066    -.200801   -1.722194    -.077134
     .985000     .000000     .070688     .008066    -.200801   -1.722194    -.077134
     .990000     .000000     .070688     .008066    -.200801   -1.722194    -.077134
     .995000     .000000     .070688     .008066    -.200801   -1.722194    -.077134
    1.000000     .000000     .070688     .008066    -.200801   -1.722194    -.077134
    1.005000     .000000     .070688     .008066    -.200801   -1.722194    -.077134
    1.010000     .000000     .070688     .008066    -.200801   -1.722194    -.077134
    1.015000     .000000     .070688     .008066    -.200801   -1.722194    -.077134
    1.020000     .000000     .070688     .008066    -.200801   -1.722194    -.077134
    1.025000     .000000     .070688     .008066    -.200801   -1.722194    -.077134
    1.030000     .000000     .070688     .008066    -.200801   -1.722194    -.077134
    1.035000     .000000     .070688     .008066    -.200801   -1.722194    -.077134
    1.040000     .000000     .070688     .008066    -.200801   -1.722194    -.077134
    1.045000     .000000     .070688     .008066    -.200801   -1.722194    -.077134
    1.050000     .000000     .070688     .008066    -.200801   -1.722194    -.077134
    1.055000     .000000     .070688     .008066    -.200801   -1.722194    -.077134
    1.060000     .000000     .070688     .008066    -.200801   -1.722194    -.077134
    1.065000     .000000     .070688     .008066    -.200801   -1.722194    -.077134
    1.070000     .000000     .070688     .008066    -.200801   -1.722194    -.077134
    1.075000     .000000     .070688     .008066    -.200801   -1.722194    -.077134
    1.080000     .000000     .070688     .008066    -.200801   -1.722194    -.077134
    1.085000     .000000     .070688     .008066    -.200801   -1.722194    -.077134
    1.090000     .000000     .070688     .008066    -.200801   -1.722194    -.077134
    1.095000     .000000     .070688     .008066    -.200801   -1.722194    -.077134
    1.100000     .000000     .070688     .008066    -.200801   -1.722194    -.077134
    1.105000     .000000     .070688     .008066    -.200801   -1.722194    -.077134
    1.110000     .000000     .070688     .008066    -.200801   -1.722194    -.077134
    1.115000     .000000     .070688     .008066    -.200801   -1.722194    -.077134
    1.120000     .000000     .070688     .008066    -.200801   -1.722194    -.077134
    1.125000     .000000     .070688     .008066    -.200801   -1.722194    -.077134
    1.130000     .000000     .070688     .008066    -.200801   -1.722194    -.077134
    1.135000     .000000     .070688     .008066    -.200801   -1.722194    -.077134
    1.140000     .000000     .070688     .008066    -.200801   -1.722194    -.077134
    1.145000     .000000     .070688     .008066    -.200801   -1.722194    -.077134
    1.150000     .000000     .070688     .008066    -.200801   -1.722194    -.077134
    1.155000     .000000     .070688     .008066    -.200801   -1.722194    -.077134
    1.160000     .000000     .070688     .008066    -.200801   -1.722194    -.077134
    1.165000     .000000     .070688     .008066    -.200801   -1.722194    -.077134
    1.170000     .000000     .070688     .008066    -.200801   -1.722194    -.077134
    1.175000     .000000     .070688     .008066    -.200801   -1.722194    -.077134
    1.180000     .000000     .070688     .008066    -.200801   -1.722194    -.077134
    1.185000     .000000     .070688     .008066    -.200801   -1.722194    -.077134
    1.190000     .000000     .070688     .008066    -.200801   -1.722194    -.077134
    1.195000     .000000     .070688     .008066    -.200801   -1.722194    -.077134
    1.200000     .000000     .070688     .008066    -.200801   -1.722194    -.077134
    1.205000     .000000     .070688     .008066    -.200801   -1.722194    -.077134
    1.210000     .000000     .070688     .008066    -.200801   -1.722194    -.077134
    1.215000     .000000     .070688     .008066    -.200801   -1.722194    -.077134
    1.220000     .000000     .070688     .008066    -.200801   -1.722194    -.077134
    1.225000     .000000     .070688     .008066    -.200801   -1.722194    -.077134
    1.230000     .000000     .070688     .008066    -.200801   -1.722194    -.077134
    1.235000     .000000     .070688     .008066    -.200801   -1.722194    -.077134
    1.240000     .000000     .070688     .008066    -.200801   -1.722194    -.077134
    1.245000     .000000     .070688     .008066    -.200801   -1.722194    -.077134
    1.250000     .000000     .070688     .008066    -.200801   -1.722194    -.077134
    1.255000     .000000     .070688     .008066    -.200801   -1.722194    -.077134
    1.260000     .000000     .070688     .008066    -.200801   -1.722194    -.077134
    1.265000     .000000     .070688     .008066    -.200801   -1.722194    -.077134
    1.270000     .000000     .070688     .008066    -.200801   -1.722194    -.077134
    1.275000     .000000     .070688     .008066    -.200801   -1.722194    -.077134
    1.280000     .000000     .070688     .008066    -.200801   -1.722194    -.077134
    1.285000     .000000     .070688     .008066    -.200801   -1.722194    -.077134
    1.290000     .000000     .070688     .008066    -.200801   -1.722194    -.077134
    1.295000     .000000     .070688     .008066    -.200801   -1.722194    -.077134
    1.300000     .000000     .070688     .008066    -.200801   -1.722194    -.077134
    1.305000     .000000     .070688     .008066    -.200801   -1.722194    -.077134
    1.310000     .000000     .070688     .008066    -.200801   -1.722194    -.077134
    1.315000     .000000     .070688     .008066    -.200801   -1.722194    -.077134
    1.320000     .000000     .070688     .008066    -.200801   -1.722194    -.077134
    1.325000     .000000     .070688     .008066    -.200801   -1.722194    -.077134
    1.330000     .000000     .070688     .008066    -.200801   -1.722194    -.077134
    1.335000     .000000     .070688     .008066    -.200801   -1.722194    -.077134
    1.340000     .000000     .070688     .008066    -.200801   -1.722194    -.077134
    1.345000     .000000     .070688     .008066    -.200801   -1.722194    -.077134
    1.350000     .000000     .070688     .008066    -.200801   -1.722194    -.077134
    1.355000     .000000     .070688     .008066    -.200801   -1.722194    -.077134
    1.360000     .000000     .070688     .008066    -.200801   -1.722194    -.077134
    1.365000     .000000     .070688     .008066    -.200801   -1.722194    -.077134
    1.370000     .000000     .070688     .008066    -.200801   -1.722194    -.077134
    1.375000     .000000     .070688     .008066    -.200801   -1.722194    -.077134
    1.380000     .000000     .070688     .008066    -.200801   -1.722194    -.077134
    1.385000     .000000     .070688     .008066    -.200801   -1.722194    -.077134
    1.390000     .000000     .070688     .008066    -.200801   -1.722194    -.077134
    1.395000     .000000     .070688     .008066    -.200801   -1.722194    -.077134
    1.400000     .000000     .070688     .008066    -.200801   -1.722194    -.077134
    1.405000     .000000     .070688     .008066    -.200801   -1.722194    -.077134
    1.410000     .000000     .070688     .008066    -.200801   -1.722194    -.077134
    1.415000     .000000     .070688     .008066    -.200801   -1.722194    -.077134
    1.420000     .000000     .070688     .008066    -.200801   -1.722194    -.077134
    1.425000     .000000     .070688     .008066    -.200801   -1.722194    -.077134
    1.430000     .000000     .070688     .008066    -.200801   -1.722194    -.077134
    1.435000     .000000     .070688     .008066    -.200801   -1.722194    -.077134
    1.440000     .000000     .070688     .008066    -.200801   -1.722194    -.077134
    1.445000     .000000     .070688     .008066    -.200801   -1.722194    -.077134
    1.450000     .000000     .070688     .008066    -.200801   -1.722194    -.077134
    1.455000     .000000     .070688     .008066    -.200801   -1.722194    -.077134
    1.460000     .000000     .070688     .008066    -.200801   -1.722194    -.077134
    1.465000     .000000     .070688     .008066    -.200801   -1.722194    -.077134
    1.470000     .000000     .070688     .008066    -.200801   -1.722194    -.077134
    1.475000     .000000     .070688     .008066    -.200801   -1.722194    -.077134
    1.480000     .000000     .070688     .008066    -.200801   -1.722194    -.077134
    1.485000     .000000     .070688     .008066    -.200801   -1.722194    -.077134
    1.490000     .000000     .070688     .008066    -.200801   -1.722194    -.077134
    1.495000     .000000     .070688     .008066    -.200801   -1.722194    -.077134
    1.500000     .000000     .070688     .008066    -.200801   -1.722194    -.077134
    1.505000     .000000     .070688     .008066    -.200801   -1.722194    -.077134
    1.510000     .000000     .070688     .008066    -.200801   -1.722194    -.077134
    1.515000     .000000     .070688     .008066    -.200801   -1.722194    -.077134
    1.520000     .000000     .070688     .008066    -.200801   -1.722194    -.077134
    1.525000     .000000     .070688     .008066    -.200801   -1.722194    -.077134
    1.530000     .000000     .070688     .008066    -.200801   -1.722194    -.077134
    1.535000     .000000     .070688     .008066    -.200801   -1.722194    -.077134
    1.540000     .000000     .070688     .008066    -.200801   -1.722194    -.077134
    1.545000     .000000     .070688     .008066    -.200801   -1.722194    -.077134
    1.550000     .000000     .070688     .008066    -.200801   -1.722194    -.077134
    1.555000     .000000     .070688     .008066    -.200801   -1.722194    -.077134
    1.560000     .000000     .070688     .008066    -.200801   -1.722194    -.077134
    1.565000     .000000     .070688     .008066    -.200801   -1.722194    -.077134
    1.570000     .000000     .070688     .008066    -.200801   -1.722194    -.077134
    1.575000     .000000     .070688     .008066    -.200801   -1.722194    -.077134
    1.580000     .000000     .070688     .008066    -.200801   -1.722194    -.077134
    1.585000     .000000     .070688     .008066    -.200801   -1.722194    -.077134
    1.590000     .000000     .070688     .008066    -.200801   -1.722194    -.077134
    1.595000     .000000     .070688     .008066    -.200801   -1.722194    -.077134
    1.600000     .000000     .070688     .008066    -.200801   -1.722194    -.077134
    1.605000     .000000     .070688     .008066    -.200801   -1.722194    -.077134
    1.610000     .000000     .070688     .008066    -.200801   -1.722194    -.077134
    1.615000     .000000     .070688     .008066    -.200801   -1.722194    -.077134
    1.620000     .000000     .070688     .008066    -.200801   -1.722194    -.077134
    1.625000     .000000     .070688     .008066    -.200801   -1.722194    -.077134
    1.630000     .000000     .070688     .008066    -.200801   -1.722194    -.077134
    1.635000     .000000     .070688     .008066    -.200801   -1.722194    -.077134
    1.640000     .000000     .070688     .008066    -.200801   -1.722194    -.077134
    1.645000     .000000     .070688     .008066    -.200801   -1.722194    -.077134
    1.650000     .000000     .070688     .008066    -.200801   -1.722194    -.077134
    1.655000     .000000     .070688     .008066    -.200801   -1.722194    -.077134
    1.660000     .000000     .070688     .008066    -.200801   -1.722194    -.077134
    1.665000     .000000     .070688     .008066    -.200801   -1.722194    -.077134
    1.670000     .000000     .070688     .008066    -.200801   -1.722194    -.077134
    1.675000     .000000     .070688     .008066    -.200801   -1.722194    -.077134
    1.680000     .000000     .070688     .008066    -.200801   -1.722194    -.077134
    1.685000     .000000     .070688     .008066    -.200801   -1.722194    -.077134
    1.690000     .000000     .070688     .008066    -.200801   -1.722194    -.077134
    1.695000     .000000     .070688     .008066    -.200801   -1.722194    -.077134
    1.700000     .000000     .070688     .008066    -.200801   -1.722194    -.077134
    1.705000     .000000     .070688     .008066    -.200801   -1.722194    -.077134
    1.710000     .000000     .070688     .008066    -.200801   -1.722194    -.077134
    1.715000     .000000     .070688     .008066    -.200801   -1.722194    -.077134
    1.720000     .000000     .070688     .008066    -.200801   -1.722194    -.077134
    1.725000     .000000     .070688     .008066    -.200801   -1.722194    -.077134
    1.730000     .000000     .070688     .008066    -.200801   -1.722194    -.077134
    1.735000     .000000     .070688     .008066    -.200801   -1.722194    -.077134
    1.740000     .000000     .070688     .008066    -.200801   -1.722194    -.077134
    1.745000     .000000     .070688     .008066    -.200801   -1.722194    -.077134
    1.750000     .000000     .070688     .008066    -.200801   -1.722194    -.077134
    1.755000     .000000     .070688     .008066    -.200801   -1.722194    -.077134
    1.760000     .000000     .070688     .008066    -.200801   -1.722194    -.077134
    1.765000     .000000     .070688     .008066    -.200801   -1.722194    -.077134
    1.770000     .000000     .070688     .008066    -.200801   -1.722194    -.077134
    1.775000     .000000     .070688     .008066    -.200801   -1.722194    -.077134
    1.780000     .000000     .070688     .008066    -.200801   -1.722194    -.077134
    1.785000     .000000     .070688     .008066    -.200801   -1.722194    -.077134
    1.790000     .000000     .070688     .008066    -.200801   -1.722194    -.077134
    1.795000     .000000     .070688     .008066    -.200801   -1.722194    -.077134
    1.800000     .000000     .070688     .008066    -.200801   -1.722194    -.077134
    1.805000     .000000     .070688     .008066    -.200801   -1.722194    -.077134
    1.810000     .000000     .070688     .008066    -.200801   -1.722194    -.077134
    1.815000     .000000     .070688     .008066    -.200801   -1.722194    -.077134
    1.820000     .000000     .070688     .008066    -.200801   -1.722194    -.077134
    1.825000     .000000     .070688     .008066    -.200801   -1.722194    -.077134
    1.830000     .000000     .070688     .008066    -.200801   -1.722194    -.077134
    1.835000     .000000     .070688     .008066    -.200801   -1.722194    -.077134
    1.840000     .000000     .070688     .008066    -.200801   -1.722194    -.077134
    1.845000     .000000     .070688     .008066    -.200801   -1.722194    -.077134
    1.850000     .000000     .070688     .008066    -.200801   -1.722194    -.077134
    1.855000     .000000     .070688     .008066    -.200801   -1.722194    -.077134
    1.860000     .000000     .070688     .008066    -.200801   -1.722194    -.077134
    1.865000     .000000     .070688     .008066    -.200801   -1.722194    -.077134
    1.870000     .000000     .070688     .008066    -.200801   -1.722194    -.077134
    1.875000     .000000     .070688     .008066    -.200801   -1.722194    -.077134
    1.880000     .000000     .070688     .008066    -.200801   -1.722194    -.077134
    1.885000     .000000     .070688     .008066    -.200801   -1.722194    -.077134
    1.890000     .000000     .070688     .008066    -.200801   -1.722194    -.077134
    1.895000     .000000     .070688     .008066    -.200801   -1.722194    -.077134
    1.900000     .000000     .070688     .008066    -.200801   -1.722194    -.077134
    1.905000     .000000     .070688     .008066    -.200801   -1.722194    -.077134
    1.910000     .000000     .070688     .008066    -.200801   -1.722194    -.077134
    1.915000     .000000     .070688     .008066    -.200801   -1.722194    -.077134
    1.920000     .000000     .070688     .008066    -.200801   -1.722194    -.077134
    1.925000     .000000     .070688     .008066    -.200801   -1.722194    -.077134
    1.930000     .000000     .070688     .008066    -.200801   -1.722194    -.077134
    1.935000     .000000     .070688     .008066    -.200801   -1.722194    -.077134
    1.940000     .000000     .070688     .008066    -.200801   -1.722194    -.077134
    1.945000     .000000     .070688     .008066    -.200801   -1.722194    -.077134
    1.950000     .000000     .070688     .008066    -.200801   -1.722194    -.077134
    1.955000     .000000     .070688     .008066    -.200801   -1.722194    -.077134
    1.960000     .000000     .070688     .008066    -.200801   -1.722194    -.077134
    1.965000     .000000     .070688     .008066    -.200801   -1.722194    -.077134
    1.970000     .000000     .070688     .008066    -.200801   -1.722194    -.077134
    1.975000     .000000     .070688     .008066    -.200801   -1.722194    -.077134
    1.980000     .000000     .070688     .008066    -.200801   -1.722194    -.077134
    1.985000     .000000     .070688     .008066    -.200801   -1.722194    -.077134
    1.990000     .000000     .070688     .008066    -.200801   -1.722194    -.077134
    1.995000     .000000     .070688     .008066    -.200801   -1.722194    -.077134
    2.000000     .000000     .070688     .008066    -.200801   -1.722194    -.077134
    2.005000     .000000     .070688     .008066    -.200801   -1.722194    -.077134
    2.010000     .000000     .070688     .008066    -.200801   -1.722194    -.077134
    2.015000     .000000     .070688     .008066    -.200801   -1.722194    -.077134
    2.020000     .000000     .070688     .008066    -.200801   -1.722194    -.077134
    2.025000     .000000     .070688     .008066    -.200801   -1.722194    -.077134
    2.030000     .000000     .070688     .008066    -.200801   -1.722194    -.077134
    2.035000     .000000     .070688     .008066    -.200801   -1.722194    -.077134
    2.040000     .000000     .070688     .008066    -.200801   -1.722194    -.077134
    2.045000     .000000     .070688     .008066    -.200801   -1.722194    -.077134
    2.050000     .000000     .070688     .008066    -.200801   -1.722194    -.077134
    2.055000     .000000     .070688     .008066    -.200801   -1.722194    -.077134
    2.060000     .000000     .070688     .008066    -.200801   -1.722194    -.077134
    2.065000     .000000     .070688     .008066    -.200801   -1.722194    -.077134
    2.070000     .000000     .070688     .008066    -.200801   -1.722194    -.077134
    2.075000     .000000     .070688     .008066    -.200801   -1.722194    -.077134
    2.080000     .000000     .070688     .008066    -.200801   -1.722194    -.077134
    2.085000     .000000     .070688     .008066    -.200801   -1.722194    -.077134
    2.090000     .000000     .070688     .008066    -.200801   -1.722194    -.077134
    2.095000     .000000     .070688     .008066    -.200801   -1.722194    -.077134
    2.100000     .000000     .070688     .008066    -.200801   -1.722194    -.077134
    2.105000     .000000     .070688     .008066    -.200801   -1.722194    -.077134
    2.110000     .000000     .070688     .008066    -.200801   -1.722194    -.077134
    2.115000     .000000     .070688     .008066    -.200801   -1.722194    -.077134
    2.120000     .000000     .070688     .008066    -.200801   -1.722194    -.077134
    2.125000     .000000     .070688     .008066    -.200801   -1.722194    -.077134
    2.130000     .000000     .070688     .008066    -.200801   -1.722194    -.077134
    2.135000     .000000     .070688     .008066    -.200801   -1.722194    -.077134
    2.140000     .000000     .070688     .008066    -.200801   -1.722194    -.077134
    2.145000     .000000     .070688     .008066    -.200801   -1.722194    -.077134
    2.150000     .000000     .070688     .008066    -.200801   -1.722194    -.077134
    2.155000     .000000     .070688     .008066    -.200801   -1.722194    -.077134
    2.160000     .000000     .070688     .008066    -.200801   -1.722194    -.077134
    2.165000     .000000     .070688     .008066    -.200801   -1.722194    -.077134
    2.170000     .000000     .070688     .008066    -.200801   -1.722194    -.077134
    2.175000     .000000     .070688     .008066    -.200801   -1.722194    -.077134
    2.180000     .000000     .070688     .008066    -.200801   -1.722194    -.077134
    2.185000     .000000     .070688     .008066    -.200801   -1.722194    -.077134
    2.190000     .000000     .070688     .008066    -.200801   -1.722194    -.077134
    2.195000     .000000     .070688     .008066    -.200801   -1.722194    -.077134
    2.200000     .000000     .070688     .008066    -.200801   -1.722194    -.077134
    2.205000     .000000     .070688     .008066    -.200801   -1.722194    -.077134
    2.210000     .000000     .070688     .008066    -.200801   -1.722194    -.077134
    2.215000     .000000     .070688     .008066    -.200801   -1.722194    -.077134
    2.220000     .000000     .070688     .008066    -.200801   -1.722194    -.077134
    2.225000     .000000     .070688     .008066    -.200801   -1.722194    -.077134
    2.230000     .000000     .070688     .008066    -.200801   -1.722194    -.077134
    2.235000     .000000     .070688     .008066    -.200801   -1.722194    -.077134
    2.240000     .000000     .070688     .008066    -.200801   -1.722194    -.077134
    2.245000     .000000     .070688     .008066    -.200801   -1.722194    -.077134
    2.250000     .000000     .070688     .008066    -.200801   -1.722194    -.077134
    2.255000     .000000     .070688     .008066    -.200801   -1.722194    -.077134
    2.260000     .000000     .070688     .008066    -.200801   -1.722194    -.077134
    2.265000     .000000     .070688     .008066    -.200801   -1.722194    -.077134
    2.270000     .000000     .070688     .008066    -.200801   -1.722194    -.077134
    2.275000     .000000     .070688     .008066    -.200801   -1.722194    -.077134
    2.280000     .000000     .070688     .008066    -.200801   -1.722194    -.077134
    2.285000     .000000     .070688     .008066    -.200801   -1.722194    -.077134
    2.290000     .000000     .070688     .008066    -.200801   -1.722194    -.077134
    2.295000     .000000     .070688     .008066    -.200801   -1.722194    -.077134
    2.300000     .000000     .070688     .008066    -.200801   -1.722194    -.077134
    2.305000     .000000     .070688     .008066    -.200801   -1.722194    -.077134
    2.310000     .000000     .070688     .008066    -.200801   -1.722194    -.077134
    2.315000     .000000     .070688     .008066    -.200801   -1.722194    -.077134
    2.320000     .000000     .070688     .008066    -.200801   -1.722194    -.077134
    2.325000     .000000     .070688     .008066    -.200801   -1.722194    -.077134
    2.330000     .000000     .070688     .008066    -.200801   -1.722194    -.077134
    2.335000     .000000     .070688     .008066    -.200801   -1.722194    -.077134
    2.340000     .000000     .070688     .008066    -.200801   -1.722194    -.077134
    2.345000     .000000     .070688     .008066    -.200801   -1.722194    -.077134
    2.350000     .000000     .070688     .008066    -.200801   -1.722194    -.077134
    2.355000     .000000     .070688     .008066    -.200801   -1.722194    -.077134
    2.360000     .000000     .070688     .008066    -.200801   -1.722194    -.077134
    2.365000     .000000     .070688     .008066    -.200801   -1.722194    -.077134
    2.370000     .000000     .070688     .008066    -.200801   -1.722194    -.077134
    2.375000     .000000     .070688     .008066    -.200801   -1.722194    -.077134
    2.380000     .000000     .070688     .008066    -.200801   -1.722194    -.077134
    2.385000     .000000     .070688     .008066    -.200801   -1.722194    -.077134
    2.390000     .000000     .070688     .008066    -.200801   -1.722194    -.077134
    2.395000     .000000     .070688     .008066    -.200801   -1.722194    -.077134
    2.400000     .000000     .070688     .008066    -.200801   -1.722194    -.077134
    2.405000     .000000     .070688     .008066    -.200801   -1.722194    -.077134
    2.410000     .000000     .070688     .008066    -.200801   -1.722194    -.077134
    2.415000     .000000     .070688     .008066    -.200801   -1.722194    -.077134
    2.420000     .000000     .070688     .008066    -.200801   -1.722194    -.077134
    2.425000     .000000     .070688     .008066    -.200801   -1.722194    -.077134
    2.430000     .000000     .070688     .008066    -.200801   -1.722194    -.077134
    2.435000     .000000     .070688     .008066    -.200801   -1.722194    -.077134
    2.440000     .000000     .070688     .008066    -.200801   -1.722194    -.077134
    2.445000     .000000     .070688     .008066    -.200801   -1.722194    -.077134
    2.450000     .000000     .070688     .008066    -.200801   -1.722194    -.077134
    2.455000     .000000     .070688     .008066    -.200801   -1.722194    -.077134
    2.460000     .000000     .070688     .008066    -.200801   -1.722194    -.077134
    2.465000     .000000     .070688     .008066    -.200801   -1.722194    -.077134
    2.470000     .000000     .070688     .008066    -.200801   -1.722194    -.077134
    2.475000     .000000     .070688     .008066    -.200801   -1.722194    -.077134
    2.480000     .000000     .070688     .008066    -.200801   -1.722194    -.077134
    2.485000     .000000     .070688     .008066    -.200801   -1.722194    -.077134
    2.490000     .000000     .070688     .008066    -.200801   -1.722194    -.077134
    2.495000     .000000     .070688     .008066    -.200801   