        5.625000000000000
   2.000000029802322E-001
   2.000000029802322E-001
   2.000000029802322E-001
        1.424999952316284
   2.000000029802322E-001
   2.000000029802322E-001
   2.000000029802322E-001
        1.424999952316284
   2.000000029802322E-001
   2.000000029802322E-001
   2.000000029802322E-001
       10.875000000000000
   2.000000029802322E-001
   2.000000029802322E-001
   2.000000029802322E-001
        3.000000000000000
   2.000000029802322E-001
   2.000000029802322E-001
   2.000000029802322E-001
        4.500000000000000
   2.000000029802322E-001
   2.000000029802322E-001
   2.000000029802322E-001
        4.500000000000000
   2.000000029802322E-001
   2.000000029802322E-001
   2.000000029802322E-001
        3.000000000000000
   2.000000029802322E-001
   2.000000029802322E-001
   2.000000029802322E-001
   5.000000000000000E-001
   2.000000029802322E-001
   2.000000029802322E-001
   2.000000029802322E-001
   5.000000000000000E-001
   2.000000029802322E-001
   2.000000029802322E-001
   2.000000029802322E-001
        3.000000000000000
   2.000000029802322E-001
   2.000000029802322E-001
   2.000000029802322E-001
   5.000000000000000E-001
   2.000000029802322E-001
   2.000000029802322E-001
   2.000000029802322E-001
        4.500000000000000
   2.000000029802322E-001
   2.000000029802322E-001
   2.000000029802322E-001
        4.500000000000000
   2.000000029802322E-001
   2.000000029802322E-001
   2.000000029802322E-001
   5.000000000000000E-001
   2.000000029802322E-001
   2.000000029802322E-001
   2.000000029802322E-001
        3.000000000000000
   2.000000029802322E-001
   2.000000029802322E-001
   2.000000029802322E-001
        1.424999952316284
   2.000000029802322E-001
   2.000000029802322E-001
   2.000000029802322E-001
        1.424999952316284
   2.000000029802322E-001
   2.000000029802322E-001
   2.000000029802322E-001
   4.000000059604645E-001
   2.000000029802322E-001
   2.000000029802322E-001
   2.000000029802322E-001
   4.000000059604645E-001
   2.000000029802322E-001
   2.000000029802322E-001
   2.000000029802322E-001
   5.000000000000000E-001
   2.000000029802322E-001
   2.000000029802322E-001
   2.000000029802322E-001
        3.000000000000000
   2.000000029802322E-001
   2.000000029802322E-001
   2.000000029802322E-001
        1.000000000000000
        1.000000000000000
        1.000000000000000
        1.000000000000000
        1.000000000000000
        1.000000000000000
        1.000000000000000
        1.000000000000000
        1.000000000000000
        1.000000000000000
        1.000000000000000
        1.000000000000000
        1.000000000000000
        1.000000000000000
        1.000000000000000
        1.000000000000000
   1.250000000000000E-001
   2.000000029802322E-001
   2.000000029802322E-001
   2.000000029802322E-001
  -2.419999986886978E-001
   0.000000000000000E+000
  -1.580000072717667E-001
   0.000000000000000E+000
   0.000000000000000E+000
   2.899999916553497E-002
   0.000000000000000E+000
  -2.899999544024468E-002
   0.000000000000000E+000
   1.169999986886978E-001
   0.000000000000000E+000
   3.400000184774399E-002
  -1.580000072717667E-001
   0.000000000000000E+000
   0.000000000000000E+000
  -1.170000284910202E-001
   0.000000000000000E+000
  -3.400000184774399E-002
  -8.999999612569809E-003
  -4.899999871850014E-002
  -5.300000682473183E-002
  -5.300000682473183E-002
  -2.099999971687794E-002
  -6.000000052154064E-003
  -8.999999612569809E-003
  -2.099999971687794E-002
  -6.000000052154064E-003
   0.000000000000000E+000
   0.000000000000000E+000
   0.000000000000000E+000
   0.000000000000000E+000
   0.000000000000000E+000
   7.800000160932541E-002
   0.000000000000000E+000
   1.620000004768372E-001
   4.199999943375588E-002
  -4.199999943375588E-002
   0.000000000000000E+000
   0.000000000000000E+000
   1.439999938011169E-001
   0.000000000000000E+000
   1.439999938011169E-001
   0.000000000000000E+000
   4.199999943375588E-002
  -4.199999943375588E-002
  -1.940000057220459E-001
   0.000000000000000E+000
  -1.439999938011169E-001
   0.000000000000000E+000
  -1.940000057220459E-001
   0.000000000000000E+000
  -1.099999994039536E-001
   8.799999952316284E-002
  -2.600000053644180E-002
   8.799999952316284E-002
  -2.600000053644180E-002
  -8.799999952316284E-002
  -1.099999994039536E-001
  -8.799999952316284E-002
   2.600000053644180E-002
   0.000000000000000E+000
   1.099999994039536E-001
   0.000000000000000E+000
   1.099999994039536E-001
   0.000000000000000E+000
  -5.000000074505806E-002
   0.000000000000000E+000
   0.000000000000000E+000
  -2.600000053644180E-002
  -2.600000053644180E-002
  -2.600000053644180E-002
  -2.600000053644180E-002
   0.000000000000000E+000
  -3.999999910593033E-002
   0.000000000000000E+000
   1.159999966621399E-001
   0.000000000000000E+000
  -4.199999943375588E-002
   0.000000000000000E+000
  -4.199999943375588E-002
   0.000000000000000E+000
   1.260000020265579E-001
   0.000000000000000E+000
   4.199999943375588E-002
   0.000000000000000E+000
   0.000000000000000E+000
   4.199999943375588E-002
  -4.199999943375588E-002
   0.000000000000000E+000
   0.000000000000000E+000
  -1.400000005960465E-001
   4.199999943375588E-002
   5.999999865889549E-002
   0.000000000000000E+000
  -1.400000005960465E-001
  -4.199999943375588E-002
   1.400000005960465E-001
  -4.199999943375588E-002
   1.400000005960465E-001
   4.199999943375588E-002
   2.980000078678131E-001
   0.000000000000000E+000
   0.000000000000000E+000
   0.000000000000000E+000
   0.000000000000000E+000
   0.000000000000000E+000
   0.000000000000000E+000
   0.000000000000000E+000
   1.799999922513962E-002
   0.000000000000000E+000
  -1.400000005960465E-001
  -4.199999943375588E-002
  -1.400000005960465E-001
   4.199999943375588E-002
   1.400000005960465E-001
   4.199999943375588E-002
   3.400000035762787E-001
   0.000000000000000E+000
   1.400000005960465E-001
  -4.199999943375588E-002
   0.000000000000000E+000
   0.000000000000000E+000
   0.000000000000000E+000
   0.000000000000000E+000
   0.000000000000000E+000
   0.000000000000000E+000
   2.999999932944775E-002
   0.000000000000000E+000
   1.054999977350235E-001
   0.000000000000000E+000
   1.054999977350235E-001
   0.000000000000000E+000
   2.635000050067902E-001
   0.000000000000000E+000
   0.000000000000000E+000
   4.199999943375588E-002
  -4.199999943375588E-002
   0.000000000000000E+000
   0.000000000000000E+000
  -4.199999943375588E-002
   0.000000000000000E+000
   4.199999943375588E-002
   0.000000000000000E+000
   0.000000000000000E+000
   0.000000000000000E+000
   0.000000000000000E+000
   0.000000000000000E+000
   0.000000000000000E+000
   4.199999943375588E-002
  -4.199999943375588E-002
   0.000000000000000E+000
   0.000000000000000E+000
   0.000000000000000E+000
   0.000000000000000E+000
   0.000000000000000E+000
  -4.199999943375588E-002
   0.000000000000000E+000
   4.199999943375588E-002
   4.199999943375588E-002
  -4.199999943375588E-002
   0.000000000000000E+000
   0.000000000000000E+000
   1.159999966621399E-001
   0.000000000000000E+000
  -4.199999943375588E-002
   0.000000000000000E+000
  -4.199999943375588E-002
   0.000000000000000E+000
   4.199999943375588E-002
   0.000000000000000E+000
   1.260000020265579E-001
   0.000000000000000E+000
   0.000000000000000E+000
   4.199999943375588E-002
  -4.199999943375588E-002
   0.000000000000000E+000
   0.000000000000000E+000
   0.000000000000000E+000
  -4.199999943375588E-002
   0.000000000000000E+000
   4.199999943375588E-002
   0.000000000000000E+000
   0.000000000000000E+000
   0.000000000000000E+000
   0.000000000000000E+000
   0.000000000000000E+000
   0.000000000000000E+000
   4.199999943375588E-002
  -4.199999943375588E-002
  -1.400000005960465E-001
   4.199999943375588E-002
   5.999999865889549E-002
   0.000000000000000E+000
  -1.400000005960465E-001
  -4.199999943375588E-002
   1.400000005960465E-001
  -4.199999943375588E-002
   1.400000005960465E-001
   4.199999943375588E-002
   2.980000078678131E-001
   0.000000000000000E+000
   0.000000000000000E+000
   0.000000000000000E+000
   0.000000000000000E+000
   0.000000000000000E+000
   0.000000000000000E+000
   0.000000000000000E+000
   1.799999922513962E-002
   0.000000000000000E+000
  -1.400000005960465E-001
  -4.199999943375588E-002
  -1.400000005960465E-001
   4.199999943375588E-002
   1.400000005960465E-001
   4.199999943375588E-002
   3.400000035762787E-001
   0.000000000000000E+000
   1.400000005960465E-001
  -4.199999943375588E-002
   0.000000000000000E+000
   0.000000000000000E+000
   0.000000000000000E+000
   0.000000000000000E+000
   0.000000000000000E+000
   0.000000000000000E+000
   0.000000000000000E+000
   0.000000000000000E+000
   0.000000000000000E+000
   0.000000000000000E+000
   0.000000000000000E+000
  -4.199999943375588E-002
   0.000000000000000E+000
   4.199999943375588E-002
   4.199999943375588E-002
  -4.199999943375588E-002
   0.000000000000000E+000
   0.000000000000000E+000
   2.999999932944775E-002
   0.000000000000000E+000
   1.054999977350235E-001
   0.000000000000000E+000
   1.054999977350235E-001
   0.000000000000000E+000
   2.635000050067902E-001
   0.000000000000000E+000
   0.000000000000000E+000
   4.199999943375588E-002
  -4.199999943375588E-002
   0.000000000000000E+000
   0.000000000000000E+000
   0.000000000000000E+000
   0.000000000000000E+000
   0.000000000000000E+000
   0.000000000000000E+000
  -7.800000160932541E-002
   0.000000000000000E+000
  -1.620000004768372E-001
  -4.199999943375588E-002
   4.199999943375588E-002
   0.000000000000000E+000
   0.000000000000000E+000
   1.439999938011169E-001
   0.000000000000000E+000
   1.439999938011169E-001
   0.000000000000000E+000
  -4.199999943375588E-002
   4.199999943375588E-002
   9.700000286102295E-002
   0.000000000000000E+000
   3.900000080466270E-002
   0.000000000000000E+000
   0.000000000000000E+000
   2.899999916553497E-002
   0.000000000000000E+000
  -2.899999916553497E-002
   1.799999922513962E-002
   1.799999922513962E-002
   0.000000000000000E+000
   0.000000000000000E+000
   4.800000041723251E-002
   0.000000000000000E+000
   4.800000041723251E-002
   0.000000000000000E+000
   1.899999938905239E-002
   0.000000000000000E+000
  -5.799999833106995E-002
   0.000000000000000E+000
   2.899999916553497E-002
  -2.899999916553497E-002
   0.000000000000000E+000
   0.000000000000000E+000
   0.000000000000000E+000
   2.899999916553497E-002
   0.000000000000000E+000
  -2.899999916553497E-002
   0.000000000000000E+000
   0.000000000000000E+000
   0.000000000000000E+000
   0.000000000000000E+000
   0.000000000000000E+000
   0.000000000000000E+000
   2.899999916553497E-002
  -2.899999916553497E-002
  -5.000000074505806E-002
   2.899999916553497E-002
  -5.000000074505806E-002
  -2.899999916553497E-002
   0.000000000000000E+000
   0.000000000000000E+000
   0.000000000000000E+000
   1.000000014901161E-001
   0.000000000000000E+000
   0.000000000000000E+000
   1.000000014901161E-001
   0.000000000000000E+000
   0.000000000000000E+000
   1.000000014901161E-001
   0.000000000000000E+000
   0.000000000000000E+000
   0.000000000000000E+000
   1.000000014901161E-001
   0.000000000000000E+000
   0.000000000000000E+000
   1.000000014901161E-001
   0.000000000000000E+000
   0.000000000000000E+000
   5.000000074505806E-002
   0.000000000000000E+000
   0.000000000000000E+000
   5.000000074505806E-002
   0.000000000000000E+000
   5.000000074505806E-002
   0.000000000000000E+000
   0.000000000000000E+000
   0.000000000000000E+000
   0.000000000000000E+000
   1.000000014901161E-001
   0.000000000000000E+000
   0.000000000000000E+000
   1.000000014901161E-001
   7.500000298023224E-002
   0.000000000000000E+000
   0.000000000000000E+000
   0.000000000000000E+000
   0.000000000000000E+000
   1.000000014901161E-001
  -7.500000298023224E-002
   0.000000000000000E+000
   0.000000000000000E+000
   0.000000000000000E+000
   0.000000000000000E+000
   0.000000000000000E+000
   0.000000000000000E+000
   0.000000000000000E+000
   0.000000000000000E+000
   0.000000000000000E+000
   0.000000000000000E+000
   0.000000000000000E+000
   0.000000000000000E+000
   0.000000000000000E+000
   0.000000000000000E+000
   8.799999952316284E-002
   0.000000000000000E+000
   0.000000000000000E+000
   0.000000000000000E+000
   0.000000000000000E+000
   0.000000000000000E+000
   0.000000000000000E+000
   0.000000000000000E+000
   0.000000000000000E+000
   0.000000000000000E+000
   0.000000000000000E+000
   0.000000000000000E+000
   0.000000000000000E+000
   0.000000000000000E+000
   0.000000000000000E+000
   0.000000000000000E+000
   0.000000000000000E+000
   0.000000000000000E+000
   0.000000000000000E+000
   0.000000000000000E+000
   0.000000000000000E+000
  -8.799999952316284E-002
   0.000000000000000E+000
   0.000000000000000E+000
   0.000000000000000E+000
   0.000000000000000E+000
   0.000000000000000E+000
   0.000000000000000E+000
   0.000000000000000E+000
   0.000000000000000E+000
   0.000000000000000E+000
   0.000000000000000E+000
   0.000000000000000E+000
   0.000000000000000E+000
   0.000000000000000E+000
   0.000000000000000E+000
   0.000000000000000E+000
   0.000000000000000E+000
   0.000000000000000E+000
   0.000000000000000E+000
   0.000000000000000E+000
   0.000000000000000E+000
   0.000000000000000E+000
   0.000000000000000E+000
   0.000000000000000E+000
   0.000000000000000E+000
   0.000000000000000E+000
   0.000000000000000E+000
   0.000000000000000E+000
   0.000000000000000E+000
   0.000000000000000E+000
   0.000000000000000E+000
   0.000000000000000E+000
   0.000000000000000E+000
   0.000000000000000E+000
   0.000000000000000E+000
   0.000000000000000E+000
   0.000000000000000E+000
   0.000000000000000E+000
   0.000000000000000E+000
   0.000000000000000E+000
   0.000000000000000E+000
   0.000000000000000E+000
   0.000000000000000E+000
   0.000000000000000E+000
   0.000000000000000E+000
   0.000000000000000E+000
   0.000000000000000E+000
   0.000000000000000E+000
   0.000000000000000E+000
   0.000000000000000E+000
   0.000000000000000E+000
   0.000000000000000E+000
   0.000000000000000E+000
   0.000000000000000E+000
   0.000000000000000E+000
   0.000000000000000E+000
   0.000000000000000E+000
   0.000000000000000E+000
   0.000000000000000E+000
   0.000000000000000E+000
   0.000000000000000E+000
   0.000000000000000E+000
   0.000000000000000E+000
   0.000000000000000E+000
   0.000000000000000E+000
   0.000000000000000E+000
   0.000000000000000E+000
   0.000000000000000E+000
   0.000000000000000E+000
   0.000000000000000E+000
   0.000000000000000E+000
   0.000000000000000E+000
   0.000000000000000E+000
   0.000000000000000E+000
   0.000000000000000E+000
   0.000000000000000E+000
   0.000000000000000E+000
   0.000000000000000E+000
   0.000000000000000E+000
   0.000000000000000E+000
   0.000000000000000E+000
   0.000000000000000E+000
   0.000000000000000E+000
   0.000000000000000E+000
   0.000000000000000E+000
   0.000000000000000E+000
   0.000000000000000E+000
   0.000000000000000E+000
   0.000000000000000E+000
   0.000000000000000E+000
   0.000000000000000E+000
   0.000000000000000E+000
   0.000000000000000E+000
   0.000000000000000E+000
   0.000000000000000E+000
   0.000000000000000E+000
   0.000000000000000E+000
   0.000000000000000E+000
   0.000000000000000E+000
   0.000000000000000E+000
   0.000000000000000E+000
   0.000000000000000E+000
   0.000000000000000E+000
   0.000000000000000E+000
   0.000000000000000E+000
   0.000000000000000E+000
   0.000000000000000E+000
   0.000000000000000E+000
   0.000000000000000E+000
   0.000000000000000E+000
   0.000000000000000E+000
   0.000000000000000E+000
   0.000000000000000E+000
   0.000000000000000E+000
   0.000000000000000E+000
   0.000000000000000E+000
   0.000000000000000E+000
   0.000000000000000E+000
   0.000000000000000E+000
   0.000000000000000E+000
   0.000000000000000E+000
   0.000000000000000E+000
   0.000000000000000E+000
   0.000000000000000E+000
   0.000000000000000E+000
   0.000000000000000E+000
   0.000000000000000E+000
   0.000000000000000E+000
   0.000000000000000E+000
   0.000000000000000E+000
   0.000000000000000E+000
   0.000000000000000E+000
   0.000000000000000E+000
   0.000000000000000E+000
   0.000000000000000E+000
   0.000000000000000E+000
   0.000000000000000E+000
   0.000000000000000E+000
   0.000000000000000E+000
   0.000000000000000E+000
   0.000000000000000E+000
   0.000000000000000E+000
   0.000000000000000E+000
   0.000000000000000E+000
   0.000000000000000E+000
   0.000000000000000E+000
   0.000000000000000E+000
   0.000000000000000E+000
   0.000000000000000E+000
   0.000000000000000E+000
   0.000000000000000E+000
   0.000000000000000E+000
   0.000000000000000E+000
   0.000000000000000E+000
   0.000000000000000E+000
   0.000000000000000E+000
   0.000000000000000E+000
   0.000000000000000E+000
   0.000000000000000E+000
   0.000000000000000E+000
   0.000000000000000E+000
   0.000000000000000E+000
   0.000000000000000E+000
   0.000000000000000E+000
   0.000000000000000E+000
   0.000000000000000E+000
   0.000000000000000E+000
   0.000000000000000E+000
   0.000000000000000E+000
   0.000000000000000E+000
   0.000000000000000E+000
   0.000000000000000E+000
   0.000000000000000E+000
   0.000000000000000E+000
   0.000000000000000E+000
   0.000000000000000E+000
   0.000000000000000E+000
   0.000000000000000E+000
   0.000000000000000E+000
   0.000000000000000E+000
   0.000000000000000E+000
   0.000000000000000E+000
   0.000000000000000E+000
   0.000000000000000E+000
   0.000000000000000E+000
   0.000000000000000E+000
   0.000000000000000E+000
   0.000000000000000E+000
   0.000000000000000E+000
   0.000000000000000E+000
   0.000000000000000E+000
   0.000000000000000E+000
   0.000000000000000E+000
   0.000000000000000E+000
   0.000000000000000E+000
   0.000000000000000E+000
   0.000000000000000E+000
   0.000000000000000E+000
   0.000000000000000E+000
   0.000000000000000E+000
   0.000000000000000E+000
   0.000000000000000E+000
   0.000000000000000E+000
   0.000000000000000E+000
   0.000000000000000E+000
   0.000000000000000E+000
   0.000000000000000E+000
   0.000000000000000E+000
   0.000000000000000E+000
   0.000000000000000E+000
   0.000000000000000E+000
   0.000000000000000E+000
   0.000000000000000E+000
   0.000000000000000E+000
   0.000000000000000E+000
   0.000000000000000E+000
   0.000000000000000E+000
   0.000000000000000E+000
   0.000000000000000E+000
   0.000000000000000E+000
   0.000000000000000E+000
   0.000000000000000E+000
   0.000000000000000E+000
   0.000000000000000E+000
   0.000000000000000E+000
   0.000000000000000E+000
   0.000000000000000E+000
   0.000000000000000E+000
   0.000000000000000E+000
   0.000000000000000E+000
   0.000000000000000E+000
   0.000000000000000E+000
   0.000000000000000E+000
   0.000000000000000E+000
   0.000000000000000E+000
   0.000000000000000E+000
   0.000000000000000E+000
   0.000000000000000E+000
   0.000000000000000E+000
   0.000000000000000E+000
   0.000000000000000E+000
   0.000000000000000E+000
   0.000000000000000E+000
   0.000000000000000E+000
   0.000000000000000E+000
   0.000000000000000E+000
   0.000000000000000E+000
   0.000000000000000E+000
   0.000000000000000E+000
   0.000000000000000E+000
   0.000000000000000E+000
   0.000000000000000E+000
   0.000000000000000E+000
   0.000000000000000E+000
   0.000000000000000E+000
   0.000000000000000E+000
   0.000000000000000E+000
   0.000000000000000E+000
   0.000000000000000E+000
   0.000000000000000E+000
   0.000000000000000E+000
   0.000000000000000E+000
   0.000000000000000E+000
   0.000000000000000E+000
   0.000000000000000E+000
   0.000000000000000E+000
   0.000000000000000E+000
   0.000000000000000E+000
   0.000000000000000E+000
   0.000000000000000E+000
   0.000000000000000E+000
   0.000000000000000E+000
   0.000000000000000E+000
   0.000000000000000E+000
   0.000000000000000E+000
   0.000000000000000E+000
   0.000000000000000E+000
   0.000000000000000E+000
   0.000000000000000E+000
   0.000000000000000E+000
   0.000000000000000E+000
   0.000000000000000E+000
   0.000000000000000E+000
   0.000000000000000E+000
   0.000000000000000E+000
   0.000000000000000E+000
   0.000000000000000E+000
   0.000000000000000E+000
   0.000000000000000E+000
   0.000000000000000E+000
   0.000000000000000E+000
   0.000000000000000E+000
   0.000000000000000E+000
   0.000000000000000E+000
   0.000000000000000E+000
   0.000000000000000E+000
   0.000000000000000E+000
   0.000000000000000E+000
   0.000000000000000E+000
   0.000000000000000E+000
   0.000000000000000E+000
   0.000000000000000E+000
   0.000000000000000E+000
   0.000000000000000E+000
   0.000000000000000E+000
   0.000000000000000E+000
   0.000000000000000E+000
   0.000000000000000E+000
   0.000000000000000E+000
   0.000000000000000E+000
   0.000000000000000E+000
   0.000000000000000E+000
   0.000000000000000E+000
   0.000000000000000E+000
   0.000000000000000E+000
   0.000000000000000E+000
   0.000000000000000E+000
   0.000000000000000E+000
   0.000000000000000E+000
   0.000000000000000E+000
   0.000000000000000E+000
   0.000000000000000E+000
   0.000000000000000E+000
   0.000000000000000E+000
   0.000000000000000E+000
   0.000000000000000E+000
   0.000000000000000E+000
   0.000000000000000E+000
   0.000000000000000E+000
   0.000000000000000E+000
   0.000000000000000E+000
   0.000000000000000E+000
   0.000000000000000E+000
   0.000000000000000E+000
   0.000000000000000E+000
   0.000000000000000E+000
   0.000000000000000E+000
   0.000000000000000E+000
   0.000000000000000E+000
   0.000000000000000E+000
   0.000000000000000E+000
   0.000000000000000E+000
   0.000000000000000E+000
   0.000000000000000E+000
   0.000000000000000E+000
   0.000000000000000E+000
   0.000000000000000E+000
   0.000000000000000E+000
   0.000000000000000E+000
   0.000000000000000E+000
   0.000000000000000E+000
   0.000000000000000E+000
   0.000000000000000E+000
   0.000000000000000E+000
   0.000000000000000E+000
   0.000000000000000E+000
   0.000000000000000E+000
   0.000000000000000E+000
   0.000000000000000E+000
   0.000000000000000E+000
   0.000000000000000E+000
   0.000000000000000E+000
   0.000000000000000E+000
   0.000000000000000E+000
   0.000000000000000E+000
   0.000000000000000E+000
   0.000000000000000E+000
   0.000000000000000E+000
   0.000000000000000E+000
   0.000000000000000E+000
   0.000000000000000E+000
   0.000000000000000E+000
   0.000000000000000E+000
   0.000000000000000E+000
   0.000000000000000E+000
   0.000000000000000E+000
   0.000000000000000E+000
   0.000000000000000E+000
   0.000000000000000E+000
   0.000000000000000E+000
   0.000000000000000E+000
   0.000000000000000E+000
   0.000000000000000E+000
   0.000000000000000E+000
   0.000000000000000E+000
   0.000000000000000E+000
   0.000000000000000E+000
   0.000000000000000E+000
   0.000000000000000E+000
   0.000000000000000E+000
   0.000000000000000E+000
   0.000000000000000E+000
   0.000000000000000E+000
   0.000000000000000E+000
   0.000000000000000E+000
   0.000000000000000E+000
   0.000000000000000E+000
   0.000000000000000E+000
   0.000000000000000E+000
   0.000000000000000E+000
   0.000000000000000E+000
   0.000000000000000E+000
   0.000000000000000E+000
   0.000000000000000E+000
   0.000000000000000E+000
   0.000000000000000E+000
   0.000000000000000E+000
   0.000000000000000E+000
   0.000000000000000E+000
   0.000000000000000E+000
   0.000000000000000E+000
   0.000000000000000E+000
   0.000000000000000E+000
   0.000000000000000E+000
   0.000000000000000E+000
   0.000000000000000E+000
   0.000000000000000E+000
   0.000000000000000E+000
   0.000000000000000E+000
   0.000000000000000E+000
   0.000000000000000E+000
   0.000000000000000E+000
   0.000000000000000E+000
   0.000000000000000E+000
   0.000000000000000E+000
   0.000000000000000E+000
   0.000000000000000E+000
   0.000000000000000E+000
   0.000000000000000E+000
   0.000000000000000E+000
   0.000000000000000E+000
   0.000000000000000E+000
   0.000000000000000E+000
   0.000000000000000E+000
   0.000000000000000E+000
   0.000000000000000E+000
   0.000000000000000E+000
   0.000000000000000E+000
   0.000000000000000E+000
   0.000000000000000E+000
   0.000000000000000E+000
   0.000000000000000E+000
   0.000000000000000E+000
   0.000000000000000E+000
   0.000000000000000E+000
   0.000000000000000E+000
   0.000000000000000E+000
   0.000000000000000E+000
   0.000000000000000E+000
   0.000000000000000E+000
   0.000000000000000E+000
   0.000000000000000E+000
   0.000000000000000E+000
   0.000000000000000E+000
   0.000000000000000E+000
   0.000000000000000E+000
   0.000000000000000E+000
   0.000000000000000E+000
   0.000000000000000E+000
   0.000000000000000E+000
   0.000000000000000E+000
   0.000000000000000E+000
   0.000000000000000E+000
   0.000000000000000E+000
   0.000000000000000E+000
   0.000000000000000E+000
   0.000000000000000E+000
   0.000000000000000E+000
   0.000000000000000E+000
   0.000000000000000E+000
   0.000000000000000E+000
   0.000000000000000E+000
   0.000000000000000E+000
   0.000000000000000E+000
   0.000000000000000E+000
   0.000000000000000E+000
   0.000000000000000E+000
   0.000000000000000E+000
   0.000000000000000E+000
   0.000000000000000E+000
   0.000000000000000E+000
   0.000000000000000E+000
   0.000000000000000E+000
   0.000000000000000E+000
   0.000000000000000E+000
   0.000000000000000E+000
   0.000000000000000E+000
   0.000000000000000E+000
   0.000000000000000E+000
   0.000000000000000E+000
   0.000000000000000E+000
   0.000000000000000E+000
   0.000000000000000E+000
   0.000000000000000E+000
   0.000000000000000E+000
   0.000000000000000E+000
   0.000000000000000E+000
   0.000000000000000E+000
   0.000000000000000E+000
   0.000000000000000E+000
   0.000000000000000E+000
   0.000000000000000E+000
   0.000000000000000E+000
   0.000000000000000E+000
   0.000000000000000E+000
   0.000000000000000E+000
   0.000000000000000E+000
   0.000000000000000E+000
   0.000000000000000E+000
   0.000000000000000E+000
   0.000000000000000E+000
   0.000000000000000E+000
   0.000000000000000E+000
   0.000000000000000E+000
   0.000000000000000E+000
   0.000000000000000E+000
   0.000000000000000E+000
   0.000000000000000E+000
   0.000000000000000E+000
   0.000000000000000E+000
   0.000000000000000E+000
   0.000000000000000E+000
   0.000000000000000E+000
   0.000000000000000E+000
   0.000000000000000E+000
   0.000000000000000E+000
   0.000000000000000E+000
   0.000000000000000E+000
   0.000000000000000E+000
   0.000000000000000E+000
   0.000000000000000E+000
   0.000000000000000E+000
   0.000000000000000E+000
   0.000000000000000E+000
   0.000000000000000E+000
   0.000000000000000E+000
   0.000000000000000E+000
   0.000000000000000E+000
   0.000000000000000E+000
   0.000000000000000E+000
   0.000000000000000E+000
   0.000000000000000E+000
   0.000000000000000E+000
   0.000000000000000E+000
   0.000000000000000E+000
   0.000000000000000E+000
   0.000000000000000E+000
   0.000000000000000E+000
   0.000000000000000E+000
   0.000000000000000E+000
   0.000000000000000E+000
   0.000000000000000E+000
   0.000000000000000E+000
   0.000000000000000E+000
   0.000000000000000E+000
   0.000000000000000E+000
   0.000000000000000E+000
   0.000000000000000E+000
   0.000000000000000E+000
   0.000000000000000E+000
   0.000000000000000E+000
   0.000000000000000E+000
   0.000000000000000E+000
   0.000000000000000E+000
   0.000000000000000E+000
   0.000000000000000E+000
   0.000000000000000E+000
   0.000000000000000E+000
   0.000000000000000E+000
   0.000000000000000E+000
   0.000000000000000E+000
   0.000000000000000E+000
   0.000000000000000E+000
   0.000000000000000E+000
   0.000000000000000E+000
   0.000000000000000E+000
   0.000000000000000E+000
   0.000000000000000E+000
   0.000000000000000E+000
   0.000000000000000E+000
   0.000000000000000E+000
   0.000000000000000E+000
   0.000000000000000E+000
   0.000000000000000E+000
   0.000000000000000E+000
   0.000000000000000E+000
   0.000000000000000E+000
   0.000000000000000E+000
   0.000000000000000E+000
   0.000000000000000E+000
   0.000000000000000E+000
   0.000000000000000E+000
   0.000000000000000E+000
   0.000000000000000E+000
   0.000000000000000E+000
   0.000000000000000E+000
   0.000000000000000E+000
   1.041669994592667E-001
        1.000000000000000
   2.999999932944775E-002
   5.000000000000000E-001
   0.000000000000000E+000
   0.000000000000000E+000
   0.000000000000000E+000
   4.399999976158142E-002
       10.000000000000000
   0.000000000000000E+000
   8.799999952316284E-002
   0.000000000000000E+000
   0.000000000000000E+000
   8.750000037252903E-003
   5.000000000000000E-001
       85.000000000000000
   5.000000000000000E-001
        1.000000000000000
        1.000000000000000
        1.000000000000000
   0.000000000000000E+000
   0.000000000000000E+000
   0.000000000000000E+000
   0.000000000000000E+000
   0.000000000000000E+000
   0.000000000000000E+000
   0.000000000000000E+000
   0.000000000000000E+000
   0.000000000000000E+000
   0.000000000000000E+000
   0.000000000000000E+000
   0.000000000000000E+000
   0.000000000000000E+000
   0.000000000000000E+000
   0.000000000000000E+000
   0.000000000000000E+000
   0.000000000000000E+000
   0.000000000000000E+000
   0.000000000000000E+000
   0.000000000000000E+000
   0.000000000000000E+000
   0.000000000000000E+000
   0.000000000000000E+000
   0.000000000000000E+000
   0.000000000000000E+000
   0.000000000000000E+000
   0.000000000000000E+000
   0.000000000000000E+000
   0.000000000000000E+000
   0.000000000000000E+000
   0.000000000000000E+000
   0.000000000000000E+000
   0.000000000000000E+000
   8.750000037252903E-003
   5.000000000000000E-001
       85.000000000000000
   5.000000000000000E-001
        1.000000000000000
   0.000000000000000E+000
        1.000000000000000
   0.000000000000000E+000
   0.000000000000000E+000
   0.000000000000000E+000
   0.000000000000000E+000
   0.000000000000000E+000
   0.000000000000000E+000
   0.000000000000000E+000
   0.000000000000000E+000
   0.000000000000000E+000
   0.000000000000000E+000
   0.000000000000000E+000
   0.000000000000000E+000
   0.000000000000000E+000
   0.000000000000000E+000
   0.000000000000000E+000
   0.000000000000000E+000
   0.000000000000000E+000
   0.000000000000000E+000
   0.000000000000000E+000
   0.000000000000000E+000
   0.000000000000000E+000
   0.000000000000000E+000
   0.000000000000000E+000
   0.000000000000000E+000
   0.000000000000000E+000
   0.000000000000000E+000
   0.000000000000000E+000
   0.000000000000000E+000
   0.000000000000000E+000
   0.000000000000000E+000
   0.000000000000000E+000
   0.000000000000000E+000
   0.000000000000000E+000
   8.750000037252903E-003
   5.000000000000000E-001
       85.000000000000000
   5.000000000000000E-001
   0.000000000000000E+000
   0.000000000000000E+000
   0.000000000000000E+000
   0.000000000000000E+000
   0.000000000000000E+000
   0.000000000000000E+000
   0.000000000000000E+000
   0.000000000000000E+000
   0.000000000000000E+000
   0.000000000000000E+000
   0.000000000000000E+000
   0.000000000000000E+000
   0.000000000000000E+000
   0.000000000000000E+000
   0.000000000000000E+000
   0.000000000000000E+000
   0.000000000000000E+000
   0.000000000000000E+000
   0.000000000000000E+000
   0.000000000000000E+000
   0.000000000000000E+000
   0.000000000000000E+000
   0.000000000000000E+000
   0.000000000000000E+000
   0.000000000000000E+000
   0.000000000000000E+000
   0.000000000000000E+000
   0.000000000000000E+000
   0.000000000000000E+000
   0.000000000000000E+000
   0.000000000000000E+000
   0.000000000000000E+000
   0.000000000000000E+000
   0.000000000000000E+000
   0.000000000000000E+000
   0.000000000000000E+000
   8.750000037252903E-003
   5.000000000000000E-001
       85.000000000000000
   5.000000000000000E-001
        1.000000000000000
   0.000000000000000E+000
   0.000000000000000E+000
   0.000000000000000E+000
   0.000000000000000E+000
   0.000000000000000E+000
   0.000000000000000E+000
   0.000000000000000E+000
   0.000000000000000E+000
   0.000000000000000E+000
   0.000000000000000E+000
   0.000000000000000E+000
   0.000000000000000E+000
   0.000000000000000E+000
   0.000000000000000E+000
   0.000000000000000E+000
   0.000000000000000E+000
   0.000000000000000E+000
   0.000000000000000E+000
   0.000000000000000E+000
   0.000000000000000E+000
   0.000000000000000E+000
   0.000000000000000E+000
   0.000000000000000E+000
   0.000000000000000E+000
   0.000000000000000E+000
   0.000000000000000E+000
   0.000000000000000E+000
   0.000000000000000E+000
   0.000000000000000E+000
   0.000000000000000E+000
   0.000000000000000E+000
   0.000000000000000E+000
   0.000000000000000E+000
   0.000000000000000E+000
   0.000000000000000E+000
   0.000000000000000E+000
   0.000000000000000E+000
   0.000000000000000E+000
   0.000000000000000E+000
   0.000000000000000E+000
   0.000000000000000E+000
   0.000000000000000E+000
   0.000000000000000E+000
   0.000000000000000E+000
   1.041669994592667E-001
        2.000000000000000
   2.999999932944775E-002
   5.000000000000000E-001
   9.300000071525574E-001
   8.799999952316284E-002
   0.000000000000000E+000
   4.399999976158142E-002
       10.000000000000000
   0.000000000000000E+000
  -8.799999952316284E-002
   0.000000000000000E+000
   0.000000000000000E+000
   0.000000000000000E+000
   0.000000000000000E+000
   0.000000000000000E+000
   0.000000000000000E+000
   0.000000000000000E+000
   0.000000000000000E+000
   0.000000000000000E+000
   0.000000000000000E+000
   0.000000000000000E+000
   1.041669994592667E-001
        3.000000000000000
   5.000000074505806E-002
   5.000000000000000E-001
   9.999999776482582E-003
   8.799999952316284E-002
   0.000000000000000E+000
   4.399999976158142E-002
       10.000000000000000
   0.000000000000000E+000
   8.799999952316284E-002
   0.000000000000000E+000
   0.000000000000000E+000
   0.000000000000000E+000
   0.000000000000000E+000
   0.000000000000000E+000
   0.000000000000000E+000
   0.000000000000000E+000
   0.000000000000000E+000
   0.000000000000000E+000
   0.000000000000000E+000
   0.000000000000000E+000
   1.041669994592667E-001
        4.000000000000000
   5.000000074505806E-002
   5.000000000000000E-001
   7.599999904632568E-001
  -8.799999952316284E-002
   0.000000000000000E+000
   4.399999976158142E-002
       10.000000000000000
   0.000000000000000E+000
  -8.799999952316284E-002
   0.000000000000000E+000
   0.000000000000000E+000
       -1.000000000000000
   0.000000000000000E+000
   0.000000000000000E+000
        1.000000000000000
        1.000000000000000
        1.000000000000000
   0.000000000000000E+000
        1.000000000000000
   0.000000000000000E+000
   0.000000000000000E+000
   0.000000000000000E+000
   0.000000000000000E+000
   0.000000000000000E+000
   0.000000000000000E+000
   0.000000000000000E+000
   0.000000000000000E+000
   0.000000000000000E+000
   0.000000000000000E+000
   0.000000000000000E+000
   0.000000000000000E+000
   0.000000000000000E+000
   0.000000000000000E+000
   0.000000000000000E+000
   0.000000000000000E+000
   0.000000000000000E+000
   0.000000000000000E+000
   0.000000000000000E+000
   0.000000000000000E+000
   0.000000000000000E+000
   0.000000000000000E+000
   0.000000000000000E+000
   0.000000000000000E+000
   0.000000000000000E+000
   0.000000000000000E+000
   0.000000000000000E+000
   0.000000000000000E+000
   0.000000000000000E+000
   0.000000000000000E+000
   0.000000000000000E+000
      100.000000000000000
   0.000000000000000E+000
        1.000000000000000
   0.000000000000000E+000
      100.000000000000000
   0.000000000000000E+000
        1.000000000000000
   0.000000000000000E+000
        1.000000000000000
   0.000000000000000E+000
        1.000000000000000
   0.000000000000000E+000
        1.000000000000000
   0.000000000000000E+000
      100.000000000000000
   0.000000000000000E+000
        1.000000000000000
   0.000000000000000E+000
      100.000000000000000
   0.000000000000000E+000
        1.000000000000000
   0.000000000000000E+000
   1.000000014901161E-001
    10000.000976562500000
   1.000000014901161E-001
    10000.000976562500000
        1.000000000000000
   0.000000000000000E+000
      100.000000000000000
   0.000000000000000E+000
        1.000000000000000
   0.000000000000000E+000
   1.000000014901161E-001
    10000.000976562500000
   0.000000000000000E+000
   9.999999939225290E-009
        1.000000000000000
   0.000000000000000E+000
   0.000000000000000E+000
   9.999999939225290E-009
        1.000000000000000
   0.000000000000000E+000
   0.000000000000000E+000
   123456.000000000000000
        1.000000000000000
   0.000000000000000E+000
      351.363067626953100
   123456.000000000000000
   0.000000000000000E+000
   0.000000000000000E+000
      351.363067626953100
   123456.000000000000000
   0.000000000000000E+000
   0.000000000000000E+000
      351.363067626953100
   123456.000000000000000
   0.000000000000000E+000
   0.000000000000000E+000
      351.363067626953100
   123456.000000000000000
   0.000000000000000E+000
   0.000000000000000E+000
   3.162277789670043E-005
   9.999999717180685E-010
   0.000000000000000E+000
   0.000000000000000E+000
      351.363067626953100
   123456.000000000000000
   0.000000000000000E+000
   0.000000000000000E+000
   3.162277789670043E-005
   9.999999717180685E-010
   0.000000000000000E+000
   0.000000000000000E+000
   3.162277789670043E-005
   9.999999717180685E-010
   0.000000000000000E+000
   0.000000000000000E+000
   3.162277789670043E-005
   9.999999717180685E-010
   0.000000000000000E+000
   0.000000000000000E+000
      351.363067626953100
   123456.000000000000000
   0.000000000000000E+000
   0.000000000000000E+000
   3.162277789670043E-005
   9.999999717180685E-010
   0.000000000000000E+000
   0.000000000000000E+000
   3.162277789670043E-005
   9.999999717180685E-010
   0.000000000000000E+000
   0.000000000000000E+000
   0.000000000000000E+000
   9.999999939225290E-009
        2.000000000000000
   0.000000000000000E+000
   0.000000000000000E+000
   9.999999939225290E-009
        2.000000000000000
   0.000000000000000E+000
   0.000000000000000E+000
   123456.000000000000000
        2.000000000000000
   0.000000000000000E+000
   0.000000000000000E+000
   123456.000000000000000
        3.000000000000000
   0.000000000000000E+000
   0.000000000000000E+000
   123456.000000000000000
        3.000000000000000
   0.000000000000000E+000
   0.000000000000000E+000
   123456.000000000000000
        3.000000000000000
   0.000000000000000E+000
   0.000000000000000E+000
   123456.000000000000000
        4.000000000000000
   0.000000000000000E+000
   0.000000000000000E+000
   123456.000000000000000
        4.000000000000000
   0.000000000000000E+000
   0.000000000000000E+000
   123456.000000000000000
        4.000000000000000
   0.000000000000000E+000
      351.363067626953100
   123456.000000000000000
   0.000000000000000E+000
   0.000000000000000E+000
      351.363067626953100
   123456.000000000000000
   0.000000000000000E+000
   0.000000000000000E+000
   3.162277789670043E-005
   9.999999717180685E-010
   0.000000000000000E+000
   0.000000000000000E+000
      200.000000000000000
     6000.000000000000000
   0.000000000000000E+000
       20.000000000000000
       12.000000000000000
   0.000000000000000E+000
       20.000000000000000
       12.000000000000000
   0.000000000000000E+000
        2.000000000000000
        1.200000047683716
   0.000000000000000E+000
      200.000000000000000
    30000.000000000000000
      200.000000000000000
    30000.000000000000000
      200.000000000000000
    30000.000000000000000
   1.999999955296516E-002
   1.199999973177910E-001
   0.000000000000000E+000
        2.000000000000000
   1.199999973177910E-001
   0.000000000000000E+000
   1.999999955296516E-002
        1.200000047683716
   0.000000000000000E+000
        2.000000000000000
        1.200000047683716
   0.000000000000000E+000
       50.000000000000000
      100.000000000000000
   0.000000000000000E+000
   1.999999955296516E-002
   1.199999973177910E-001
   0.000000000000000E+000
   0.000000000000000E+000
   0.000000000000000E+000
      200.000000000000000
     6000.000000000000000
   0.000000000000000E+000
      200.000000000000000
      120.000007629394500
   0.000000000000000E+000
   0.000000000000000E+000
   0.000000000000000E+000
   0.000000000000000E+000
   0.000000000000000E+000
