         1             1    .5625000000D+01
         1             2    .5625000000D+01
         1             3    .5625000000D+01
         1             4    .2000000030D+00
         1             5    .2000000030D+00
         1             6    .2000000030D+00
         2             7    .1424999952D+01
         2             8    .1424999952D+01
         2             9    .1424999952D+01
         2            10    .2000000030D+00
         2            11    .2000000030D+00
         2            12    .2000000030D+00
         3            13    .1424999952D+01
         3            14    .1424999952D+01
         3            15    .1424999952D+01
         3            16    .2000000030D+00
         3            17    .2000000030D+00
         3            18    .2000000030D+00
         7            19    .1087500000D+02
         7            20    .1087500000D+02
         7            21    .1087500000D+02
         7            22    .2000000030D+00
         7            23    .2000000030D+00
         7            24    .2000000030D+00
         8            25    .3000000000D+01
         8            26    .3000000000D+01
         8            27    .3000000000D+01
         8            28    .2000000030D+00
         8            29    .2000000030D+00
         8            30    .2000000030D+00
         9            31    .4500000000D+01
         9            32    .4500000000D+01
         9            33    .4500000000D+01
         9            34    .2000000030D+00
         9            35    .2000000030D+00
         9            36    .2000000030D+00
        10            37    .4500000000D+01
        10            38    .4500000000D+01
        10            39    .4500000000D+01
        10            40    .2000000030D+00
        10            41    .2000000030D+00
        10            42    .2000000030D+00
        11            43    .3000000000D+01
        11            44    .3000000000D+01
        11            45    .3000000000D+01
        11            46    .2000000030D+00
        11            47    .2000000030D+00
        11            48    .2000000030D+00
        12            49    .5000000000D+00
        12            50    .5000000000D+00
        12            51    .5000000000D+00
        12            52    .2000000030D+00
        12            53    .2000000030D+00
        12            54    .2000000030D+00
        13            55    .5000000000D+00
        13            56    .5000000000D+00
        13            57    .5000000000D+00
        13            58    .2000000030D+00
        13            59    .2000000030D+00
        13            60    .2000000030D+00
        14            61    .3000000000D+01
        14            62    .3000000000D+01
        14            63    .3000000000D+01
        14            64    .2000000030D+00
        14            65    .2000000030D+00
        14            66    .2000000030D+00
        15            67    .5000000000D+00
        15            68    .5000000000D+00
        15            69    .5000000000D+00
        15            70    .2000000030D+00
        15            71    .2000000030D+00
        15            72    .2000000030D+00
        16            73    .4500000000D+01
        16            74    .4500000000D+01
        16            75    .4500000000D+01
        16            76    .2000000030D+00
        16            77    .2000000030D+00
        16            78    .2000000030D+00
        17            79    .4500000000D+01
        17            80    .4500000000D+01
        17            81    .4500000000D+01
        17            82    .2000000030D+00
        17            83    .2000000030D+00
        17            84    .2000000030D+00
        18            85    .5000000000D+00
        18            86    .5000000000D+00
        18            87    .5000000000D+00
        18            88    .2000000030D+00
        18            89    .2000000030D+00
        18            90    .2000000030D+00
        19            91    .3000000000D+01
        19            92    .3000000000D+01
        19            93    .3000000000D+01
        19            94    .2000000030D+00
        19            95    .2000000030D+00
        19            96    .2000000030D+00
        20            97    .1424999952D+01
        20            98    .1424999952D+01
        20            99    .1424999952D+01
        20           100    .2000000030D+00
        20           101    .2000000030D+00
        20           102    .2000000030D+00
        21           103    .1424999952D+01
        21           104    .1424999952D+01
        21           105    .1424999952D+01
        21           106    .2000000030D+00
        21           107    .2000000030D+00
        21           108    .2000000030D+00
        25           109    .4000000060D+00
        25           110    .4000000060D+00
        25           111    .4000000060D+00
        25           112    .2000000030D+00
        25           113    .2000000030D+00
        25           114    .2000000030D+00
        26           115    .4000000060D+00
        26           116    .4000000060D+00
        26           117    .4000000060D+00
        26           118    .2000000030D+00
        26           119    .2000000030D+00
        26           120    .2000000030D+00
        27           121    .5000000000D+00
        27           122    .5000000000D+00
        27           123    .5000000000D+00
        27           124    .2000000030D+00
        27           125    .2000000030D+00
        27           126    .2000000030D+00
        28           127    .3000000000D+01
        28           128    .3000000000D+01
        28           129    .3000000000D+01
        28           130    .2000000030D+00
        28           131    .2000000030D+00
        28           132    .2000000030D+00
        30           133    .1000000000D+01
        30           134    .1000000000D+01
        30           135    .1000000000D+01
        30           136    .1000000000D+01
        30           137    .1000000000D+01
        30           138    .1000000000D+01
        31           139    .1000000000D+01
        31           140    .1000000000D+01
        31           141    .1000000000D+01
        31           142    .1000000000D+01
        31           143    .1000000000D+01
        31           144    .1000000000D+01
        32           145    .1000000000D+01
        32           146    .1000000000D+01
        32           147    .1000000000D+01
        32           148    .1000000000D+01
        32           149    .1000000000D+01
        32           150    .1000000000D+01
        33           151    .1000000000D+01
        33           152    .1000000000D+01
        33           153    .1000000000D+01
        33           154    .1000000000D+01
        33           155    .1000000000D+01
        33           156    .1000000000D+01
        34           157    .1250000000D+00
        34           158    .1250000000D+00
        34           159    .1250000000D+00
        34           160    .2000000030D+00
        34           161    .2000000030D+00
        34           162    .2000000030D+00
