8
7
0.035
0.0  1400.0  2800.0  4200.0  5600.0  7000.0  8400.0  9800.0
1
0.0   0.0   0.0   0.0   0.0   0.0   0.0
2
0.0    624.     980.    1211.    1365.    1470.    1505.
3
0.0   1306.    2123.    2613.    2928.    3126.    3242.
4
0.    1738.    2986.    3645.    4060.    4386.    4631.
5
0.    1983.    3476.    4305.    4946.    5460.    5867.
6
0.    1948.    3551.    4741.    5646.    6392.    6965.
7
0.    1773.    3395.    4881.    5972.    6906.    7792.
8
0.    1528.    3161.    4771.    6090.    7245.    8282.