8
7
0.035
0.0    1440.0  2880.0  4320.0  5760.0  7200.0  8640.0  10080.0
1
0.0   0.0   0.0   0.0   0.0   0.0   0.0   0.0
2
0.0       5.04       5.76       5.47       4.3       2.8       1.4
3
0.0      20.16      23.04      20.16      15.8      11.5       5.7
4
0.0      38.88      48.96      46.80      37.4      25.9      15.8
5
0.0      60.48      83.52      79.20      63.3      46.0      27.3
6
0.0      79.20     121.68     118.80     100.8      77.7      47.5
7
0.0      97.92     165.60     167.76     144.0     115.2      80.6
8
0.0     116.64     211.68     228.96     204.4     165.6     118.0